Case #1: 2 3 
Case #2: 1 
Case #3: 1 2 
Case #4: 2 6 7 
Case #5: 28 109 177 193 
Case #6: 2 7 12 13 
Case #7: 6379765672 580558676069 1154737586466 1728916496863 2303095407260 2877274317657 3451453228054 4025632138451 4599811048848 5173989959245 5748168869642 6322347780039 6896526690436 7470705600833 8044884511230 8619063421627 9193242332024 9767421242421 10341600152818 10915779063215 11489957973612 12064136884009 12638315794406 13212494704803 13786673615200 14360852525597 14935031435994 15509210346391 16083389256788 16657568167185 17231747077582 17805925987979 18380104898376 18954283808773 19528462719170 20102641629567 20676820539964 21250999450361 21825178360758 22399357271155 22973536181552 23547715091949 24121894002346 24696072912743 25270251823140 25844430733537 26418609643934 26992788554331 27566967464728 28141146375125 28715325285522 29289504195919 29863683106316 30437862016713 31012040927110 31586219837507 32160398747904 32734577658301 33308756568698 33882935479095 34457114389492 35031293299889 35605472210286 36179651120683 36753830031080 37328008941477 37902187851874 38476366762271 39050545672668 39624724583065 40198903493462 40773082403859 41347261314256 41921440224653 42495619135050 43069798045447 43643976955844 44218155866241 44792334776638 45366513687035 45940692597432 46514871507829 47089050418226 47663229328623 48237408239020 48811587149326 49385766051441 49959944208175 50534054535238 51101992362240 51108232683691 
Case #8: 102030405060709 10203040506070810 20304050607080911 30405060708091012 40506070809101113 50607080910111214 60708091011121315 70809101112131416 80910111213141517 91011121314151618 101112131415161719 111213141516171820 121314151617181921 131415161718192022 141516171819202123 151617181920212224 161718192021222325 171819202122232426 181920212223242527 192021222324252628 202122232425262729 212223242526272830 222324252627282931 232425262728293032 242526272829303133 252627282930313234 262728293031323335 272829303132333436 282930313233343537 293031323334353638 303132333435363739 313233343536373840 323334353637383941 333435363738394042 343536373839404143 353637383940414244 363738394041424345 373839404142434446 383940414243444547 394041424344454648 404142434445464749 414243444546474850 424344454647484951 434445464748495052 444546474849505153 454647484950515254 464748495051525355 474849505152535456 484950515253545557 495051525354555658 505152535455565759 515253545556575860 525354555657585961 535455565758596062 545556575859606163 555657585960616264 565758596061626365 575859606162636466 585960616263646567 596061626364656668 606162636465666769 616263646566676870 626364656667686971 636465666768697072 646566676869707173 656667686970717274 666768697071727375 676869707172737476 686970717273747577 697071727374757678 707172737475767779 717273747576777880 727374757677787981 737475767778798082 747576777879808183 757677787980818284 767778798081828385 777879808182838486 787980818283848587 798081828384858688 808182838485868789 818283848586878890 828384858687888991 838485868788899092 848586878889909193 858687888990919294 868788899091929395 878889909192939496 888990919293949597 899091929394959698 909192939495969799 919293949596979900 929394959697989901 939495969798990001 949596979899000001 959697989900000001 969798990000000001 979899000000000001 989900000000000001 990000000000000001 
Case #9: 2 18 34 50 66 82 98 114 130 146 162 178 194 210 211 
Case #10: 14510913517 406305578458 798100243399 1189894908340 1581689573281 1973484238222 2365278903163 2757073568104 3148868233045 3540662897986 3932457562927 4324252227868 4716046892809 5107841557750 5499636222691 5891430887632 6283225552573 6675020217514 7066814882455 7458609547396 7850404212309 8242198876465 8633993519425 9025787568897 9417565000705 9808877137921 10187161026561 10200653955073 
Case #11: 1 
Case #12: 1 2 3 4 5 6 7 8 9 10 11 12 
Case #13: 47 2028 4009 5990 7971 9952 11933 13914 15895 17876 19857 21838 23819 25800 27781 29762 31743 33724 35705 37686 39667 41648 43629 45610 47591 49572 51553 53534 55515 57496 59477 61458 63439 65420 67401 69382 71363 73344 75325 77306 79287 81268 83205 83249 
Case #14: 6 16 19 
Case #15: 6 16 19 
Case #16: 28 109 177 193 
Case #17: 2 38 74 110 146 182 218 254 290 326 362 398 434 470 506 542 578 614 650 686 722 758 794 830 866 902 938 974 1010 1046 1082 1118 1154 1190 1191 
Case #18: 6 16 19 
Case #19: 11280469653 304572680614 597864891575 891157102536 1184449313497 1477741524458 1771033735419 2064325946380 2357618157341 2650910368302 2944202579263 3237494790224 3530787001185 3824079212146 4117371423107 4410663634068 4703955845029 4997248055990 5290540266951 5583832477885 5877124688116 6170416879366 6463708558129 6756986399743 7049890638334 7332707595304 7343167948507 
Case #20: 1 
Case #21: 6 16 19 
Case #22: 71 4764 9457 14150 18843 23536 28229 32922 37615 42308 47001 51694 56387 61080 65773 70466 75159 79852 84545 89238 93931 98624 103317 108010 112703 117396 122089 126782 131475 136168 140861 145554 150247 154940 159633 164326 169019 173712 178405 183098 187791 192484 197177 201870 206563 211256 215949 220642 225335 230028 234721 239414 244107 248800 253493 258186 262879 267572 272265 276958 281651 286344 291037 295730 300423 305116 309741 309809 
Case #23: 1 2 3 4 5 6 7 8 9 10 11 12 13 14 15 16 17 18 19 20 21 22 23 24 25 26 27 28 29 30 31 32 33 34 35 36 37 38 39 40 41 42 43 44 45 46 47 48 49 50 51 52 53 54 55 
Case #24: 45 1852 3659 5466 7273 9080 10887 12694 14501 16308 18115 19922 21729 23536 25343 27150 28957 30764 32571 34378 36185 37992 39799 41606 43413 45220 47027 48834 50641 52448 54255 56062 57869 59676 61483 63290 65097 66904 68711 70518 72283 72325 
Case #25: 641292648260959 14108438261741090 27575583875221221 41042729488701352 54509875102181483 67977020715661614 81444166329141745 94911311942621876 108378457556102007 121845603169582138 135312748783062247 148779894396541893 162247040010011353 175714185623256721 189181331231572065 202648476731426881 216115619845150081 229582710463977729 243048646195103233 256489174396781569 269370736950622209 269955055252033537 
Case #26: 10160736538774 426750934628477 843341132718180 1259931330807883 1676521528897586 2093111726987289 2509701925076992 2926292123166695 3342882321256398 3759472519346101 4176062717435804 4592652915525507 5009243113615210 5425833311704913 5842423509794616 6259013707884319 6675603905974022 7092194104063725 7508784302153428 7925374500243131 8341964698332834 8758554896422537 9175145094512240 9591735292601943 10008325490691646 10424915688781349 10841505886871052 11258096084960755 11674686283050458 12091276481140161 12507866679229864 12924456877319567 13341047075409270 13757637273498931 14174227471586869 14590817669602441 15007407864578641 15423997931901217 15840582637771585 16256942162649217 16663844085831937 16673526737828353 
Case #27: 2 48 94 140 186 232 278 324 370 416 462 508 554 600 646 692 738 784 830 876 922 968 1014 1060 1106 1152 1198 1244 1290 1336 1382 1428 1474 1520 1566 1612 1658 1704 1750 1796 1842 1888 1934 1980 1981 
Case #28: 1 
Case #29: 10204 1020305 2030406 3040507 4050608 5060709 6070810 7080911 8091012 9101113 10111214 11121315 12131416 13141517 14151618 15161719 16171820 17181921 18192022 19202123 20212224 21222325 22232426 23242527 24252628 25262729 26272830 27282931 28293032 29303133 30313234 31323335 32333436 33343537 34353638 35363739 36373840 37383941 38394042 39404143 40414244 41424345 42434446 43444547 44454648 45464749 46474850 47484951 48495052 49505153 50515254 51525355 52535456 53545557 54555658 55565759 56575860 57585961 58596062 59606163 60616264 61626365 62636466 63646567 64656668 65666769 66676870 67686971 68697072 69707173 70717274 71727375 72737476 73747577 74757678 75767779 76777880 77787981 78798082 79808183 80818284 81828385 82838486 83848587 84858688 85868789 86878890 87888991 88899092 89909193 90919294 91929395 92939496 93949597 94959698 95969799 96979900 97989901 98990001 99000001 
Case #30: 623749 8732480 16841211 24949942 33058673 41167404 49276135 57384866 65493583 73602117 81708089 89778193 97346145 97883969 
Case #31: 95 8652 17209 25766 34323 42880 51437 59994 68551 77108 85665 94222 102779 111336 119893 128450 137007 145564 154121 162678 171235 179792 188349 196906 205463 214020 222577 231134 239691 248248 256805 265362 273919 282476 291033 299590 308147 316704 325261 333818 342375 350932 359489 368046 376603 385160 393717 402274 410831 419388 427945 436502 445059 453616 462173 470730 479287 487844 496401 504958 513515 522072 530629 539186 547743 556300 564857 573414 581971 590528 599085 607642 616199 624756 633313 641870 650427 658984 667541 676098 684655 693212 701769 710326 718883 727440 735997 744554 753111 761668 770133 770225 
Case #32: 2103299351335 27342891567343 52582483783194 77822075997004 103061668184281 128301260026629 153540847384900 178780376450170 204019147706427 229248067445515 254348917461406 277784861075736 279577021469773 
Case #33: 383837 27636198 54888559 82140920 109393281 136645642 163898003 191150364 218402725 245655086 272907447 300159808 327412169 354664530 381916891 409169252 436421613 463673974 490926335 518178696 545431057 572683418 599935779 627188140 654440501 681692862 708945223 736197584 763449945 790702306 817954667 845207028 872459389 899711750 926964111 954216472 981468833 1008721194 1035973555 1063225916 1090478277 1117730638 1144982999 1172235360 1199487721 1226740082 1253992443 1281244804 1308497165 1335749526 1363001887 1390254248 1417506609 1444758970 1472011331 1499263692 1526516053 1553768414 1581020775 1608273136 1635525497 1662777858 1690030219 1717282580 1744534941 1771787302 1799039663 1826292024 1853544313 1880791489 1907670529 1908043777 
Case #34: 1 2 3 4 5 6 7 8 9 10 11 12 13 14 15 16 17 18 19 20 21 22 23 24 25 26 27 28 29 30 31 32 33 34 
Case #35: 225867353046 5872551179181 11519235005316 17165918831451 22812602657586 28459286483721 34105970309856 39752654135991 45399337962126 51046021788261 56692705614396 62339389440531 67986073266666 73632757092801 79279440918936 84926124745071 90572808571206 96219492397315 101866176222773 107512860031305 113159543399761 118806215326241 124452589761345 130091229420673 135528764909825 135737591974401 
Case #36: 29 732 1435 2138 2841 3544 4247 4950 5653 6356 7059 7762 8465 9168 9871 10574 11277 11980 12683 13386 14089 14792 15495 16198 16875 16901 
Case #37: 2 95 188 281 374 467 560 653 746 839 932 1025 1118 1211 1304 1397 1490 1583 1676 1769 1862 1955 2048 2141 2234 2327 2420 2513 2606 2699 2792 2885 2978 3071 3164 3257 3350 3443 3536 3629 3722 3815 3908 4001 4094 4187 4280 4373 4466 4559 4652 4745 4838 4931 5024 5117 5210 5303 5396 5489 5582 5675 5768 5861 5954 6047 6140 6233 6326 6419 6512 6605 6698 6791 6884 6977 7070 7163 7256 7349 7442 7535 7628 7721 7814 7907 8000 8093 8186 8279 8372 8373 
Case #38: 455402549467 20948517275446 41441632001425 61934746727404 82427861453383 102920976179362 123414090905341 143907205631320 164400320357299 184893435083278 205386549809257 225879664535236 246372779261215 266865893987194 287359008713173 307852123439152 328345238165131 348838352891110 369331467617089 389824582343068 410317697069047 430810811795026 451303926521005 471797041246984 492290155972963 512783270698942 533276385424921 553769500150900 574262614876879 594755729602858 615248844328837 635741959054816 656235073780795 676728188506774 697221303232753 717714417958732 738207532684711 758700647410690 779193762136623 799686876860485 820179991489081 840673101735441 861166010398945 881649646251073 901706732779905 902142550437121 
Case #39: 3924454 172675939 341427424 510178909 678930394 847681879 1016433364 1185184849 1353936334 1522687819 1691439304 1860190789 2028942274 2197693759 2366445244 2535196729 2703948214 2872699699 3041451184 3210202669 3378954154 3547705639 3716457124 3885208609 4053960094 4222711579 4391463064 4560214549 4728966034 4897717519 5066469004 5235220489 5403971974 5572723459 5741474944 5910226429 6078977914 6247729399 6416480884 6585232325 6753981873 6922648129 7087649537 7091397633 
Case #40: 39955204 3156461044 6272966884 9389472724 12505978564 15622484404 18738990244 21855496084 24972001924 28088507764 31205013604 34321519444 37438025284 40554531124 43671036964 46787542804 49904048644 53020554484 56137060324 59253566164 62370072004 65486577844 68603083684 71719589524 74836095364 77952601204 81069107044 84185612884 87302118724 90418624564 93535130404 96651636244 99768142084 102884647924 106001153764 109117659604 112234165444 115350671284 118467177124 121583682964 124700188804 127816694644 130933200484 134049706324 137166212164 140282718004 143399223844 146515729684 149632235524 152748741364 155865247204 158981753044 162098258884 165214764724 168331270564 171447776404 174564282244 177680788084 180797293924 183913799764 187030305604 190146811444 193263317284 196379823124 199496328964 202612834804 205729340644 208845846484 211962352324 215078858164 218195364004 221311869844 224428375684 227544881524 230661387285 233777886883 236893899604 239971449042 240010399123 
Case #41: 1 
Case #42: 1299 45435 89571 133707 177843 221979 266115 310251 354387 398523 442659 486795 530931 575067 619203 663339 707475 751611 795747 839883 884019 928155 972291 1016427 1060563 1104699 1148835 1192971 1237107 1281243 1325379 1369515 1413616 1456526 1457751 
Case #43: 2 103 204 305 406 507 608 709 810 911 1012 1113 1214 1315 1416 1517 1618 1719 1820 1921 2022 2123 2224 2325 2426 2527 2628 2729 2830 2931 3032 3133 3234 3335 3436 3537 3638 3739 3840 3941 4042 4143 4244 4345 4446 4547 4648 4749 4850 4951 5052 5153 5254 5355 5456 5557 5658 5759 5860 5961 6062 6163 6264 6365 6466 6567 6668 6769 6870 6971 7072 7173 7274 7375 7476 7577 7678 7779 7880 7981 8082 8183 8284 8385 8486 8587 8688 8789 8890 8991 9092 9193 9294 9395 9496 9597 9698 9799 9900 9901 
Case #44: 43 1684 3325 4966 6607 8248 9889 11530 13171 14812 16453 18094 19735 21376 23017 24658 26299 27940 29581 31222 32863 34504 36145 37786 39427 41068 42709 44350 45991 47632 49273 50914 52555 54196 55837 57478 59119 60760 62361 62401 
Case #45: 5100794956 443769161093 882437527230 1321105893367 1759774259504 2198442625641 2637110991778 3075779357915 3514447724052 3953116090189 4391784456326 4830452822463 5269121188600 5707789554737 6146457920874 6585126287011 7023794653148 7462463019285 7901131385422 8339799751559 8778468117696 9217136483833 9655804849970 10094473216107 10533141582244 10971809948381 11410478314518 11849146680655 12287815046792 12726483412929 13165151779066 13603820145203 14042488511340 14481156877477 14919825243614 15358493609751 15797161975888 16235830342025 16674498708162 17113167074299 17551835440436 17990503806573 18429172172710 18867840538847 19306508904984 19745177271121 20183845637258 20622514003395 21061182369532 21499850735669 21938519101806 22377187467943 22815855834080 23254524200217 23693192566354 24131860932491 24570529298628 25009197664765 25447866030902 25886534397039 26325202763176 26763871129313 27202539495450 27641207861587 28079876227724 28518544593861 28957212959998 29395881326135 29834549692272 30273218058409 30711886424546 31150554790683 31589223156820 32027891522957 32466559889094 32905228255231 33343896621368 33782564987505 34221233353642 34659901719779 35098570085916 35537238451966 35975906810533 36414574518079 36853185586798 37286869077568 37291853286775 
Case #46: 1 2 3 4 5 6 7 8 9 10 11 12 13 14 15 16 17 18 19 20 21 22 23 24 25 26 27 28 29 30 31 32 33 34 35 
Case #47: 1497658459 101840775152 202183891845 302527008538 402870125231 503213241924 603556358617 703899475310 804242592003 904585708696 1004928825389 1105271942082 1205615058775 1305958175468 1406301292161 1506644408854 1606987525547 1707330642240 1807673758933 1908016875626 2008359992319 2108703109012 2209046225705 2309389342398 2409732459091 2510075575784 2610418692477 2710761809170 2811104925863 2911448042556 3011791159249 3112134275942 3212477392635 3312820509328 3413163626021 3513506742714 3613849859407 3714192976100 3814536092793 3914879209486 4015222326179 4115565442872 4215908559565 4316251676258 4416594792951 4516937909644 4617281026337 4717624143030 4817967259723 4918310376416 5018653493109 5118996609802 5219339726495 5319682843188 5420025959881 5520369076574 5620712193267 5721055309960 5821398426653 5921741543346 6022084660039 6122427776732 6222770893357 6323114005425 6423456807617 6523778538241 6622667402241 6624121335809 
Case #48: 1196832982 77794143773 154391454564 230988765355 307586076146 384183386937 460780697728 537378008519 613975319310 690572630101 767169940892 843767251683 920364562474 996961873265 1073559184056 1150156494847 1226753805638 1303351116429 1379948427220 1456545738011 1533143048802 1609740359593 1686337670384 1762934981175 1839532291966 1916129602757 1992726913548 2069324224339 2145921535130 2222518845921 2299116156712 2375713467503 2452310778294 2528908089085 2605505399876 2682102710667 2758700021458 2835297332249 2911894643040 2988491953831 3065089264622 3141686575413 3218283886204 3294881196995 3371478507786 3448075818577 3524673129368 3601270440159 3677867750950 3754465061741 3831062372532 3907659683323 3984256994114 4060854304905 4137451615696 4214048926487 4290646237278 4367243548069 4443840858860 4520438169586 4597035476151 4673632512251 4750211968126 4825648709376 4826809000001 
Case #49: 123456790 1234567891 2345678901 3456789001 4567890001 5678900001 6789000001 7890000001 8900000001 9000000001 
Case #50: 6 16 19 
Case #51: 2 34 66 98 130 162 194 226 258 290 322 354 386 418 450 482 514 546 578 610 642 674 706 738 770 802 834 866 898 930 931 
Case #52: 2 3 
Case #53: 1108099399 70918361480 140728623561 210538885642 280349147723 350159409804 419969671885 489779933966 559590196047 629400458128 699210720209 769020982290 838831244371 908641506452 978451768533 1048262030614 1118072292695 1187882554776 1257692816857 1327503078938 1397313341019 1467123603100 1536933865181 1606744127262 1676554389343 1746364651424 1816174913505 1885985175586 1955795437667 2025605699748 2095415961829 2165226223910 2235036485991 2304846748072 2374657010153 2444467272234 2514277534315 2584087796396 2653898058477 2723708320558 2793518582639 2863328844720 2933139106801 3002949368882 3072759630963 3142569893044 3212380155125 3282190417206 3352000679287 3421810941368 3491621203449 3561431465530 3631241727611 3701051989692 3770862251773 3840672513854 3910482775935 3980293038016 4050103300033 4119913558017 4189723557889 4259517038593 4328253292545 4329327034369 
Case #54: 1 2 3 4 
Case #55: 1 2 3 4 5 6 7 8 9 10 11 12 13 14 15 16 17 18 19 20 21 22 23 24 25 26 27 28 29 30 31 32 33 34 35 36 37 38 39 40 41 42 43 44 
Case #56: 18024780049467 1405932843858358 2793840907667249 4181748971476140 5569657035285031 6957565099093922 8345473162902813 9733381226711704 11121289290520595 12509197354329486 13897105418138377 15285013481947268 16672921545756159 18060829609565050 19448737673373941 20836645737182832 22224553800991723 23612461864800614 25000369928609505 26388277992418396 27776186056227287 29164094120036178 30552002183845069 31939910247653960 33327818311462851 34715726375271742 36103634439080633 37491542502889524 38879450566698415 40267358630507306 41655266694316197 43043174758125088 44431082821933979 45818990885742870 47206898949551761 48594807013360652 49982715077169543 51370623140978434 52758531204787325 54146439268596216 55534347332405107 56922255396213998 58310163460022889 59698071523831780 61085979587640671 62473887651449562 63861795715258453 65249703779067344 66637611842876235 68025519906685126 69413427970494017 70801336034302908 72189244098111799 73577152161920690 74965060225729581 76352968289538472 77740876353347363 79128784417156254 80516692480965145 81904600544774036 83292508608582927 84680416672391818 86068324736200709 87456232800009600 88844140863818491 90232048927627382 91619956991436273 93007865055245164 94395773119054055 95783681182862946 97171589246671759 98559497310474565 99947405373808825 101335313400596497 102723218576750305 104110901403462721 105481240973746561 105498806542601473 
Case #57: 2 3 
Case #58: 2 88 174 260 346 432 518 604 690 776 862 948 1034 1120 1206 1292 1378 1464 1550 1636 1722 1808 1894 1980 2066 2152 2238 2324 2410 2496 2582 2668 2754 2840 2926 3012 3098 3184 3270 3356 3442 3528 3614 3700 3786 3872 3958 4044 4130 4216 4302 4388 4474 4560 4646 4732 4818 4904 4990 5076 5162 5248 5334 5420 5506 5592 5678 5764 5850 5936 6022 6108 6194 6280 6366 6452 6538 6624 6710 6796 6882 6968 7054 7140 7141 
Case #59: 518246912 14510913517 28503580122 42496246727 56488913332 70481579937 84474246542 98466913147 112459579752 126452246357 140444912962 154437579567 168430246172 182422912777 196415579382 210408245987 224400912592 238393579197 252386245802 266378912407 280371579012 294364245589 308356911409 322349556033 336341607169 350317040641 363827179521 364309069825 
Case #60: 204613708997 8389162068846 16573710428695 24758258788544 32942807148393 41127355508242 49311903868091 57496452227940 65681000587789 73865548947638 82050097307487 90234645667336 98419194027185 106603742387034 114788290746883 122972839106732 131157387466581 139341935826430 147526484186279 155711032546128 163895580905977 172080129265826 180264677625675 188449225985524 196633774345373 204818322705222 213002871065071 221187419424920 229371967784769 237556516144618 245741064504467 253925612864316 262110161224165 270294709583973 278479257942140 286663806233026 294848351765391 303032784198395 311212579557598 319202254890960 319397009164841 
Case #61: 1866 11191 20485 29593 37585 38881 
Case #62: 2 3 
Case #63: 311 1866 3415 4933 6265 6481 
Case #64: 580558676069 52830839522197 105081120368325 157331401214453 209581682060581 261831962906709 314082243752837 366332524598965 418582805445093 470833086291221 523083367137349 575333647983477 627583928829605 679834209675733 732084490521861 784334771367989 836585052214117 888835333060245 941085613906373 993335894752501 1045586175598629 1097836456444757 1150086737290885 1202337018137013 1254587298983141 1306837579829269 1359087860675397 1411338141521525 1463588422367653 1515838703213781 1568088984059909 1620339264906037 1672589545752165 1724839826598293 1777090107444421 1829340388290549 1881590669136677 1933840949982805 1986091230828933 2038341511675061 2090591792521189 2142842073367317 2195092354213445 2247342635059573 2299592915905701 2351843196751829 2404093477597957 2456343758444085 2508594039290213 2560844320136341 2613094600982469 2665344881828597 2717595162674725 2769845443520853 2822095724366981 2874346005213109 2926596286059237 2978846566905365 3031096847751493 3083347128597621 3135597409443749 3187847690289877 3240097971136005 3292348251982133 3344598532828261 3396848813674389 3449099094520517 3501349375366645 3553599656212773 3605849937058901 3658100217905029 3710350498751157 3762600779597285 3814851060443413 3867101341289541 3919351622135669 3971601902981797 4023852183827925 4076102464674053 4128352745520181 4180603026366309 4232853307212437 4285103588058565 4337353868904693 4389604149750730 4441854430588576 4494104710681041 4546354922943835 4598598962706568 4650281304963750 4650849174215791 
Case #65: 7666974012885 529021206889006 1050375439765127 1571729672641248 2093083905517369 2614438138393490 3135792371269611 3657146604145732 4178500837021853 4699855069897974 5221209302774095 5742563535650216 6263917768526337 6785272001402458 7306626234278579 7827980467154700 8349334700030821 8870688932906942 9392043165783063 9913397398659184 10434751631535305 10956105864411426 11477460097287547 11998814330163668 12520168563039789 13041522795915910 13562877028792031 14084231261668152 14605585494544273 15126939727420394 15648293960296515 16169648193172636 16691002426048757 17212356658924878 17733710891800999 18255065124677120 18776419357553241 19297773590429362 19819127823305483 20340482056181604 20861836289057725 21383190521933846 21904544754809967 22425898987686088 22947253220562209 23468607453438330 23989961686314451 24511315919190572 25032670152066693 25554024384942814 26075378617818935 26596732850695056 27118087083571177 27639441316447298 28160795549323419 28682149782199540 29203504015075661 29724858247951782 30246212480827903 30767566713704024 31288920946580145 31810275179456197 32331629412327556 32852983644875098 33374337855079267 33895690523590699 34416936815303278 34930843107895000 34938289461147589 
Case #66: 83520032329626 2923201131536887 5762882230744148 8602563329951409 11442244429158670 14281925528365931 17121606627573192 19961287726780453 22800968825987714 25640649925194975 28480331024402236 31320012123609497 34159693222816758 36999374322024019 39839055421231280 42678736520438541 45518417619645802 48358098718853063 51197779818060324 54037460917267585 56877142016474846 59716823115682107 62556504214889368 65396185314096629 68235866413303890 71075547512511116 73915228611717151 76754909710881501 79594590808586876 82434271855228126 85273951114625001 88113567820468751 90950995151953126 93711794380859376 93790610019531251 
Case #67: 6892 565067 1123242 1681417 2239592 2797767 3355942 3914117 4472292 5030467 5588642 6146817 6704992 7263167 7821342 8379517 8937692 9495867 10054042 10612217 11170392 11728567 12286742 12844917 13403092 13961267 14519442 15077617 15635792 16193967 16752142 17310317 17868492 18426667 18984842 19543017 20101192 20659367 21217542 21775717 22333892 22892067 23450242 24008417 24566592 25124767 25682942 26241117 26799292 27357467 27915642 28473817 29031992 29590167 30148342 30706517 31264692 31822867 32381042 32939217 33497392 34055567 34613742 35171917 35730092 36288267 36846442 37404617 37962792 38520967 39079142 39637317 40195492 40753667 41311842 41870017 42428192 42986367 43544542 44102635 44654085 44660809 
Case #68: 2 3 
Case #69: 94148410 9226544089 18358939768 27491335447 36623731126 45756126805 54888522484 64020918163 73153313842 82285709521 91418105200 100550500879 109682896558 118815292237 127947687916 137080083595 146212479274 155344874953 164477270632 173609666311 182742061990 191874457669 201006853348 210139249027 219271644706 228404040385 237536436064 246668831743 255801227422 264933623101 274066018780 283198414459 292330810138 301463205817 310595601496 319727997175 328860392854 337992788533 347125184212 356257579891 365389975570 374522371249 383654766928 392787162607 401919558286 411051953965 420184349644 429316745323 438449141002 447581536681 456713932360 465846328039 474978723718 484111119397 493243515076 502375910755 511508306434 520640702113 529773097792 538905493471 548037889150 557170284829 566302680508 575435076187 584567471866 593699867545 602832263224 611964658903 621097054582 630229450261 639361845940 648494241619 657626637298 666759032977 675891428656 685023824335 694156220014 703288615693 712421011372 721553407051 730685802730 739818198409 748950594088 758082989767 767215385446 776347781125 785480176804 794612572483 803744968162 812877363841 822009759520 831142155199 840274550878 849406946459 858539332533 867670786921 876710936081 876803172897 
Case #70: 73686780564 884241366757 1694795952817 2505350537281 3315905102593 4126459438081 4937011015681 5747529498625 6557650845697 7363006562305 8111174713345 8173092077569 
Case #71: 123456790 1234567891 2345678901 3456789001 4567890001 5678900001 6789000001 7890000001 8900000001 9000000001 
Case #72: 143266045688 10315155289473 20487044533258 30658933777043 40830823020828 51002712264613 61174601508398 71346490752183 81518379995968 91690269239753 101862158483538 112034047727323 122205936971108 132377826214893 142549715458678 152721604702463 162893493946248 173065383190033 183237272433818 193409161677603 203581050921388 213752940165173 223924829408958 234096718652743 244268607896528 254440497140313 264612386384098 274784275627883 284956164871668 295128054115453 305299943359238 315471832603023 325643721846808 335815611090593 345987500334378 356159389578163 366331278821948 376503168065733 386675057309518 396846946553303 407018835797088 417190725040873 427362614284658 437534503528443 447706392772228 457878282016013 468050171259798 478222060503583 488393949747368 498565838991153 508737728234938 518909617478723 529081506722508 539253395966293 549425285210078 559597174453863 569769063697648 579940952941433 590112842185218 600284731429003 610456620672788 620628509916573 630800399160358 640972288404143 651144177647928 661316066891641 671487956130241 681659845000705 691831707365377 702001661313025 712034209234945 712173523304449 
Case #73: 435754 5664797 10893840 16122883 21351926 26580969 31810012 37039042 42267915 47494747 52695046 57550416 57921709 
Case #74: 123456790 1234567891 2345678901 3456789001 4567890001 5678900001 6789000001 7890000001 8900000001 9000000001 
Case #75: 1 2 3 
Case #76: 3252 182061 360870 539679 718488 897297 1076106 1254915 1433724 1612533 1791342 1970151 2148960 2327769 2506578 2685387 2864196 3043005 3221814 3400623 3579432 3758241 3937050 4115859 4294668 4473477 4652286 4831095 5009904 5188713 5367522 5546331 5725140 5903949 6082758 6261567 6440376 6619185 6797994 6976803 7155612 7334421 7513230 7692039 7870848 8049657 8228466 8407275 8586084 8764893 8943702 9122511 9301320 9480073 9655745 9658881 
Case #77: 1 2 3 4 5 6 7 8 9 10 11 12 13 14 15 16 17 18 19 20 21 22 23 24 25 26 27 28 29 30 31 32 33 34 35 36 37 38 39 40 41 42 43 44 45 46 47 48 49 50 51 52 53 54 55 56 57 58 59 60 61 62 63 64 65 66 67 68 69 70 71 72 73 74 75 76 77 78 79 80 81 82 83 84 85 86 87 88 89 90 91 92 93 94 95 96 97 98 99 100 
Case #78: 1 2 3 4 5 6 7 8 9 10 11 12 13 14 15 16 17 18 19 20 21 22 23 24 25 26 27 28 29 30 31 32 33 34 35 36 37 38 39 40 41 42 43 44 45 46 47 48 49 50 51 52 53 54 55 56 57 58 59 60 61 62 63 64 65 66 67 68 69 70 71 72 73 74 75 76 77 78 79 80 
Case #79: 2 3 
Case #80: 2 3 
Case #81: 103 10204 20305 30406 40507 50608 60709 70810 80911 91012 101113 111214 121315 131416 141517 151618 161719 171820 181921 192022 202123 212224 222325 232426 242527 252628 262729 272830 282931 293032 303133 313234 323335 333436 343537 353638 363739 373840 383941 394042 404143 414244 424345 434446 444547 454648 464749 474850 484951 495052 505153 515254 525355 535456 545557 555658 565759 575860 585961 596062 606163 616264 626365 636466 646567 656668 666769 676870 686971 697072 707173 717274 727375 737476 747577 757678 767779 777880 787981 798082 808183 818284 828385 838486 848587 858688 868789 878890 888991 899092 909193 919294 929395 939496 949597 959698 969799 979900 989901 990001 
Case #82: 45242304197765 4026565073601006 8007887843004247 11989210612407488 15970533381810729 19951856151213970 23933178920617211 27914501690020452 31895824459423693 35877147228826934 39858469998230175 43839792767633416 47821115537036657 51802438306439898 55783761075843139 59765083845246380 63746406614649621 67727729384052862 71709052153456103 75690374922859344 79671697692262585 83653020461665826 87634343231069067 91615666000472308 95596988769875549 99578311539278790 103559634308682031 107540957078085272 111522279847488513 115503602616891754 119484925386294995 123466248155698236 127447570925101477 131428893694504718 135410216463907959 139391539233311200 143372862002714441 147354184772117682 151335507541520923 155316830310924164 159298153080327405 163279475849730646 167260798619133887 171242121388537128 175223444157940369 179204766927343610 183186089696746851 187167412466150092 191148735235553333 195130058004956574 199111380774359815 203092703543763056 207074026313166297 211055349082569538 215036671851972779 219017994621376020 222999317390779261 226980640160182502 230961962929585743 234943285698988984 238924608468392225 242905931237795466 246887254007198707 250868576776601948 254849899546005189 258831222315408430 262812545084811671 266793867854214912 270775190623618153 274756513393021394 278737836162424635 282719158931827876 286700481701231117 290681804470634358 294663127240037599 298644450009440840 302625772778844081 306607095548247322 310588418317650563 314569741087053804 318551063856457045 322532386625860197 326513709395255516 330495032163953698 334476354870606687 338457672055237499 342438497779894558 346375583566887600 346419814901783129 
Case #83: 795897 73222438 145648979 218075520 290502061 362928602 435355143 507781684 580208225 652634766 725061307 797487848 869914389 942340930 1014767471 1087194012 1159620553 1232047094 1304473635 1376900176 1449326717 1521753258 1594179799 1666606340 1739032881 1811459422 1883885963 1956312504 2028739045 2101165586 2173592127 2246018668 2318445209 2390871750 2463298291 2535724832 2608151373 2680577914 2753004455 2825430996 2897857537 2970284078 3042710619 3115137160 3187563701 3259990242 3332416783 3404843324 3477269865 3549696406 3622122947 3694549488 3766976029 3839402570 3911829111 3984255652 4056682193 4129108734 4201535275 4273961816 4346388357 4418814898 4491241439 4563667980 4636094521 4708521062 4780947603 4853374144 4925800685 4998227226 5070653767 5143080308 5215506849 5287933390 5360359931 5432786472 5505213013 5577639554 5650066095 5722492636 5794919177 5867345718 5939772259 6012198800 6084625341 6157051882 6229478423 6301904964 6374331413 6446749489 6518397249 6519175937 
Case #84: 1235 12346 23457 34568 45679 56790 67891 78901 89001 90001 
Case #85: 7 28 45 49 
Case #86: 268822560488 21505804838969 42742787117450 63979769395931 85216751674412 106453733952893 127690716231374 148927698509855 170164680788336 191401663066817 212638645345298 233875627623779 255112609902260 276349592180741 297586574459222 318823556737703 340060539016184 361297521294665 382534503573146 403771485851627 425008468130108 446245450408589 467482432687070 488719414965551 509956397244032 531193379522513 552430361800994 573667344079475 594904326357956 616141308636437 637378290914918 658615273193399 679852255471880 701089237750361 722326220028842 743563202307323 764800184585804 786037166864285 807274149142766 828511131421247 849748113699728 870985095978209 892222078256690 913459060535171 934696042813652 955933025092133 977170007370614 998406989649095 1019643971927576 1040880954206057 1062117936484538 1083354918763019 1104591901041500 1125828883319981 1147065865598462 1168302847876943 1189539830155424 1210776812433905 1232013794712386 1253250776990867 1274487759269348 1295724741547829 1316961723826310 1338198706104791 1359435688383272 1380672670661753 1401909652940234 1423146635218715 1444383617497196 1465620599775677 1486857582054158 1508094564332639 1529331546611120 1550568528889521 1571805511161601 1593042492928001 1614279434240001 1635513139200001 1656487936000001 1656750080000001 
Case #87: 1 
Case #88: 60 3367 6674 9981 13288 16595 19902 23209 26516 29823 33130 36437 39744 43051 46358 49665 52972 56279 59586 62893 66200 69507 72814 76121 79428 82735 86042 89349 92656 95963 99270 102577 105884 109191 112498 115805 119112 122419 125726 129033 132340 135647 138954 142261 145568 148875 152182 155489 158796 162103 165410 168717 172024 175331 178638 181888 181945 
Case #89: 2 74 146 218 290 362 434 506 578 650 722 794 866 938 1010 1082 1154 1226 1298 1370 1442 1514 1586 1658 1730 1802 1874 1946 2018 2090 2162 2234 2306 2378 2450 2522 2594 2666 2738 2810 2882 2954 3026 3098 3170 3242 3314 3386 3458 3530 3602 3674 3746 3818 3890 3962 4034 4106 4178 4250 4322 4394 4466 4538 4610 4682 4754 4826 4898 4970 4971 
Case #90: 1220326772117 64677318922158 128134311072199 191591303222240 255048295372281 318505287522322 381962279672363 445419271822404 508876263972445 572333256122486 635790248272527 699247240422568 762704232572609 826161224722650 889618216872691 953075209022732 1016532201172773 1079989193322814 1143446185472855 1206903177622896 1270360169772937 1333817161922978 1397274154073019 1460731146223060 1524188138373101 1587645130523142 1651102122673183 1714559114823224 1778016106973265 1841473099123306 1904930091273347 1968387083423388 2031844075573429 2095301067723470 2158758059873511 2222215052023552 2285672044173593 2349129036323634 2412586028473675 2476043020623716 2539500012773757 2602957004923798 2666413997073839 2729870989223880 2793327981373921 2856784973523909 2920241965671140 2983698957672250 3047155941928947 3110612515731755 3174047335478446 3236329190250936 3237503901390773 
Case #91: 1 2 3 4 5 6 7 8 9 10 11 12 13 14 15 16 17 18 19 20 21 22 23 24 25 26 27 28 29 30 31 32 33 34 35 36 37 38 39 40 41 42 43 44 45 46 47 48 49 50 51 
Case #92: 1020304050608 102030405060709 203040506070810 304050607080911 405060708091012 506070809101113 607080910111214 708091011121315 809101112131416 910111213141517 1011121314151618 1112131415161719 1213141516171820 1314151617181921 1415161718192022 1516171819202123 1617181920212224 1718192021222325 1819202122232426 1920212223242527 2021222324252628 2122232425262729 2223242526272830 2324252627282931 2425262728293032 2526272829303133 2627282930313234 2728293031323335 2829303132333436 2930313233343537 3031323334353638 3132333435363739 3233343536373840 3334353637383941 3435363738394042 3536373839404143 3637383940414244 3738394041424345 3839404142434446 3940414243444547 4041424344454648 4142434445464749 4243444546474850 4344454647484951 4445464748495052 4546474849505153 4647484950515254 4748495051525355 4849505152535456 4950515253545557 5051525354555658 5152535455565759 5253545556575860 5354555657585961 5455565758596062 5556575859606163 5657585960616264 5758596061626365 5859606162636466 5960616263646567 6061626364656668 6162636465666769 6263646566676870 6364656667686971 6465666768697072 6566676869707173 6667686970717274 6768697071727375 6869707172737476 6970717273747577 7071727374757678 7172737475767779 7273747576777880 7374757677787981 7475767778798082 7576777879808183 7677787980818284 7778798081828385 7879808182838486 7980818283848587 8081828384858688 8182838485868789 8283848586878890 8384858687888991 8485868788899092 8586878889909193 8687888990919294 8788899091929395 8889909192939496 8990919293949597 9091929394959698 9192939495969799 9293949596979900 9394959697989901 9495969798990001 9596979899000001 9697989900000001 9798990000000001 9899000000000001 9900000000000001 
Case #93: 1 
Case #94: 3248373914677 198150808795246 393053243675815 587955678556384 782858113436953 977760548317522 1172662983198091 1367565418078660 1562467852959229 1757370287839798 1952272722720367 2147175157600936 2342077592481505 2536980027362074 2731882462242643 2926784897123212 3121687332003781 3316589766884350 3511492201764919 3706394636645488 3901297071526057 4096199506406626 4291101941287195 4486004376167764 4680906811048333 4875809245928902 5070711680809471 5265614115690040 5460516550570609 5655418985451178 5850321420331747 6045223855212316 6240126290092885 6435028724973454 6629931159854023 6824833594734592 7019736029615161 7214638464495730 7409540899376299 7604443334256868 7799345769137437 7994248204018006 8189150638898575 8384053073779144 8578955508659713 8773857943540282 8968760378420851 9163662813301420 9358565248181989 9553467683062558 9748370117943127 9943272552823696 10138174987704265 10333077422584773 10527979857461620 10722882292115146 10917784713146091 11112686303199595 11307537203629198 11499296037000840 11502438779836861 
Case #95: 1 
Case #96: 1 
Case #97: 2 3 
Case #98: 721083 64176304 127631525 191086746 254541967 317997188 381452409 444907630 508362851 571818072 635273293 698728514 762183735 825638956 889094177 952549398 1016004619 1079459840 1142915061 1206370282 1269825503 1333280724 1396735945 1460191166 1523646387 1587101608 1650556829 1714012050 1777467271 1840922492 1904377713 1967832934 2031288155 2094743376 2158198597 2221653818 2285109039 2348564260 2412019481 2475474702 2538929923 2602385144 2665840365 2729295586 2792750807 2856206028 2919661249 2983116470 3046571691 3110026912 3173482133 3236937354 3300392575 3363847796 3427303017 3490758238 3554213459 3617668680 3681123901 3744579122 3808034343 3871489564 3934944785 3998400006 4061855227 4125310448 4188765669 4252220890 4315676111 4379131332 4442586553 4506041774 4569496995 4632952216 4696407437 4759862658 4823317879 4886773100 4950228321 5013683542 5077138763 5140593984 5204049205 5267504426 5330959647 5394414779 5457862078 5520612240 5521317209 
Case #99: 6053445 54480997 102908476 151335298 199756207 248123899 296012638 339590800 344373769 
Case #100: 1 2 3 4 5 6 7 8 9 10 11 12 13 14 15 16 17 18 19 20 21 22 23 24 25 26 27 28 29 30 31 32 33 34 35 36 37 38 
