Case #1: 7 8 
Case #2: 1 
Case #3: 1 2 
Case #4: 2 3 
Case #5: 26 27 28 29 30 31 32 33 34 35 36 37 38 39 40 41 42 43 44 45 46 
Case #6: 75618306 75618307 75618308 75618309 75618310 75618311 75618312 75618313 75618314 75618315 75618316 75618317 75618318 75618319 75618320 75618321 75618322 75618323 75618324 75618325 75618326 75618327 75618328 75618329 75618330 75618331 75618332 75618333 75618334 75618335 75618336 75618337 75618338 75618339 75618340 75618341 75618342 75618343 75618344 75618345 75618346 75618347 75618348 75618349 75618350 75618351 75618352 75618353 75618354 75618355 75618356 75618357 75618358 75618359 75618360 75618361 75618362 75618363 75618364 75618365 75618366 75618367 75618368 75618369 75618370 75618371 75618372 75618373 75618374 75618375 75618376 75618377 75618378 75618379 75618380 75618381 75618382 75618383 75618384 75618385 75618386 75618387 75618388 75618389 75618390 75618391 75618392 75618393 
Case #7: 1 
Case #8: 787249 787250 787251 787252 787253 787254 787255 787256 787257 787258 787259 787260 787261 787262 787263 787264 787265 787266 787267 787268 787269 787270 787271 787272 787273 787274 787275 787276 787277 787278 787279 787280 787281 787282 787283 787284 787285 787286 787287 787288 787289 787290 787291 787292 787293 787294 787295 787296 787297 787298 787299 787300 787301 787302 787303 787304 787305 787306 787307 787308 787309 787310 787311 787312 787313 787314 787315 787316 787317 787318 787319 787320 787321 787322 787323 787324 787325 787326 787327 787328 787329 787330 787331 787332 787333 787334 787335 787336 
Case #9: 2 
Case #10: 213810021790608 213810021790609 213810021790610 213810021790611 213810021790612 213810021790613 213810021790614 213810021790615 213810021790616 213810021790617 213810021790618 213810021790619 213810021790620 213810021790621 213810021790622 213810021790623 
Case #11: 1 2 3 4 
Case #12: 2 
Case #13: 6 
Case #14: 1 2 3 4 5 6 7 8 9 10 11 12 13 14 15 16 17 18 19 20 21 22 23 24 25 26 27 28 29 30 31 32 33 34 35 36 37 38 39 40 41 42 43 44 45 46 47 48 49 50 51 52 53 54 55 56 57 58 59 60 61 62 63 64 65 66 67 68 69 70 71 72 73 74 75 76 77 78 79 80 81 82 83 84 85 86 87 88 89 90 91 92 93 94 95 
Case #15: 24 
Case #16: 1 
Case #17: 1224880286215964 1224880286215965 1224880286215966 1224880286215967 1224880286215968 
Case #18: 6 
Case #19: 6 
Case #20: 265462278488 265462278489 265462278490 265462278491 265462278492 265462278493 265462278494 265462278495 265462278496 265462278497 265462278498 265462278499 265462278500 265462278501 265462278502 265462278503 265462278504 265462278505 265462278506 265462278507 265462278508 265462278509 265462278510 265462278511 265462278512 265462278513 265462278514 265462278515 265462278516 265462278517 265462278518 265462278519 265462278520 265462278521 265462278522 265462278523 265462278524 265462278525 265462278526 265462278527 265462278528 265462278529 265462278530 265462278531 265462278532 265462278533 265462278534 265462278535 265462278536 265462278537 265462278538 265462278539 265462278540 265462278541 265462278542 265462278543 265462278544 265462278545 265462278546 265462278547 265462278548 265462278549 265462278550 265462278551 265462278552 265462278553 265462278554 265462278555 265462278556 265462278557 265462278558 265462278559 265462278560 
Case #21: 1 
Case #22: 2 3 4 5 6 7 8 9 10 11 12 13 14 15 16 17 18 19 20 21 22 23 24 25 26 27 28 29 30 31 32 33 34 35 36 37 38 39 40 41 42 43 44 45 46 47 48 49 50 51 52 53 54 55 56 57 58 59 60 61 62 63 64 65 66 67 68 
Case #23: 1 
Case #24: 7 8 
Case #25: 160 
Case #26: 204210 204211 204212 204213 204214 204215 204216 204217 204218 204219 204220 204221 204222 204223 204224 204225 
Case #27: 3786 3787 3788 3789 3790 3791 3792 3793 3794 3795 3796 3797 3798 3799 3800 3801 3802 3803 3804 3805 3806 3807 3808 3809 3810 3811 3812 3813 3814 3815 3816 3817 3818 3819 3820 3821 3822 3823 3824 3825 3826 3827 3828 3829 3830 3831 3832 3833 3834 3835 3836 3837 3838 3839 3840 3841 3842 3843 
Case #28: 168751491 168751492 168751493 168751494 168751495 168751496 168751497 168751498 168751499 168751500 168751501 168751502 168751503 168751504 168751505 168751506 168751507 168751508 168751509 168751510 168751511 168751512 168751513 168751514 168751515 168751516 168751517 168751518 168751519 168751520 168751521 168751522 168751523 168751524 168751525 168751526 168751527 168751528 
Case #29: 1 
Case #30: 1 
Case #31: 24 25 26 27 28 29 30 31 32 33 34 35 36 37 38 39 40 41 42 
Case #32: 1 2 3 4 5 6 7 8 9 10 11 12 13 14 15 16 17 18 19 20 21 22 23 24 25 26 27 28 29 30 31 32 
Case #33: 1 2 3 4 5 6 7 8 9 10 11 12 13 14 15 16 17 18 19 20 21 22 23 24 25 26 27 28 29 30 31 32 33 34 35 36 37 38 39 40 41 42 43 44 45 46 47 48 49 50 51 52 53 54 55 56 57 58 59 60 61 62 63 64 65 66 67 68 69 70 71 72 73 74 75 76 77 78 79 80 81 82 83 84 85 86 87 88 89 90 91 92 93 94 95 96 97 98 99 100 
Case #34: 2384 2385 2386 2387 2388 2389 2390 2391 2392 
Case #35: 1 2 3 4 5 6 7 8 9 10 11 12 13 14 15 16 17 18 19 20 21 22 23 24 25 26 27 28 29 30 31 32 33 34 35 36 37 38 39 40 41 42 43 44 45 46 47 48 49 50 51 52 53 54 55 56 57 58 59 60 61 62 63 64 65 66 67 68 69 70 71 72 73 74 75 76 77 
Case #36: 76597310798 76597310799 76597310800 76597310801 76597310802 76597310803 76597310804 76597310805 76597310806 76597310807 76597310808 76597310809 76597310810 76597310811 76597310812 76597310813 76597310814 76597310815 76597310816 76597310817 76597310818 76597310819 76597310820 76597310821 76597310822 76597310823 76597310824 76597310825 76597310826 76597310827 76597310828 76597310829 76597310830 76597310831 76597310832 76597310833 76597310834 76597310835 76597310836 76597310837 76597310838 76597310839 76597310840 76597310841 76597310842 76597310843 76597310844 76597310845 76597310846 76597310847 76597310848 76597310849 76597310850 76597310851 76597310852 76597310853 76597310854 76597310855 
Case #37: 311505013062 311505013063 311505013064 
Case #38: 160 
Case #39: 790779667 790779668 790779669 790779670 790779671 790779672 790779673 790779674 790779675 790779676 790779677 790779678 790779679 790779680 790779681 790779682 790779683 790779684 790779685 790779686 790779687 790779688 790779689 790779690 790779691 790779692 790779693 790779694 790779695 790779696 790779697 790779698 790779699 790779700 790779701 790779702 790779703 790779704 790779705 790779706 790779707 790779708 790779709 790779710 790779711 790779712 790779713 790779714 790779715 790779716 790779717 790779718 790779719 790779720 
Case #40: 299600 
Case #41: 139013933454254 139013933454255 
Case #42: 1 
Case #43: 244 245 246 247 248 249 250 251 252 253 254 255 
Case #44: 101010101010109 101010101010110 101010101010111 101010101010112 101010101010113 101010101010114 101010101010115 101010101010116 101010101010117 101010101010118 101010101010119 101010101010120 101010101010121 101010101010122 101010101010123 101010101010124 101010101010125 101010101010126 101010101010127 101010101010128 101010101010129 101010101010130 101010101010131 101010101010132 101010101010133 101010101010134 101010101010135 101010101010136 101010101010137 101010101010138 101010101010139 101010101010140 101010101010141 101010101010142 101010101010143 101010101010144 101010101010145 101010101010146 101010101010147 101010101010148 101010101010149 101010101010150 101010101010151 101010101010152 101010101010153 101010101010154 101010101010155 101010101010156 101010101010157 101010101010158 101010101010159 101010101010160 101010101010161 101010101010162 101010101010163 101010101010164 101010101010165 101010101010166 101010101010167 101010101010168 101010101010169 101010101010170 101010101010171 101010101010172 101010101010173 101010101010174 101010101010175 101010101010176 101010101010177 101010101010178 101010101010179 101010101010180 101010101010181 101010101010182 101010101010183 101010101010184 101010101010185 101010101010186 101010101010187 101010101010188 101010101010189 101010101010190 101010101010191 101010101010192 101010101010193 101010101010194 101010101010195 101010101010196 101010101010197 101010101010198 101010101010199 101010101010200 
Case #45: 35615586 35615587 35615588 35615589 35615590 35615591 35615592 35615593 35615594 35615595 35615596 35615597 35615598 35615599 35615600 35615601 35615602 35615603 35615604 35615605 35615606 35615607 35615608 35615609 35615610 35615611 35615612 35615613 35615614 35615615 35615616 35615617 35615618 35615619 35615620 35615621 35615622 35615623 35615624 35615625 35615626 35615627 35615628 35615629 35615630 35615631 35615632 35615633 35615634 35615635 35615636 35615637 35615638 35615639 35615640 35615641 35615642 35615643 35615644 35615645 35615646 35615647 35615648 35615649 35615650 35615651 35615652 35615653 35615654 35615655 35615656 35615657 
Case #46: 1 2 3 4 5 6 7 8 9 10 11 12 13 14 15 16 17 18 19 20 21 22 23 24 25 26 27 
Case #47: 6309658362 6309658363 6309658364 6309658365 6309658366 6309658367 6309658368 6309658369 6309658370 6309658371 6309658372 6309658373 6309658374 6309658375 6309658376 6309658377 6309658378 6309658379 6309658380 6309658381 6309658382 6309658383 6309658384 6309658385 6309658386 6309658387 6309658388 6309658389 6309658390 6309658391 6309658392 6309658393 6309658394 6309658395 6309658396 6309658397 6309658398 6309658399 6309658400 6309658401 6309658402 6309658403 6309658404 6309658405 6309658406 6309658407 6309658408 6309658409 6309658410 6309658411 6309658412 6309658413 6309658414 6309658415 6309658416 6309658417 6309658418 6309658419 6309658420 6309658421 6309658422 6309658423 6309658424 6309658425 6309658426 6309658427 6309658428 6309658429 6309658430 6309658431 6309658432 6309658433 6309658434 6309658435 6309658436 6309658437 6309658438 6309658439 6309658440 6309658441 6309658442 6309658443 6309658444 6309658445 6309658446 
Case #48: 1 
Case #49: 469742064800 469742064801 469742064802 469742064803 469742064804 469742064805 469742064806 469742064807 469742064808 469742064809 469742064810 469742064811 469742064812 469742064813 469742064814 469742064815 469742064816 469742064817 469742064818 469742064819 469742064820 469742064821 469742064822 469742064823 469742064824 469742064825 469742064826 469742064827 469742064828 469742064829 469742064830 469742064831 469742064832 469742064833 469742064834 469742064835 469742064836 469742064837 469742064838 469742064839 469742064840 469742064841 469742064842 469742064843 469742064844 469742064845 469742064846 469742064847 469742064848 469742064849 469742064850 469742064851 469742064852 469742064853 469742064854 469742064855 469742064856 469742064857 469742064858 469742064859 469742064860 469742064861 469742064862 469742064863 469742064864 469742064865 469742064866 469742064867 469742064868 469742064869 469742064870 469742064871 469742064872 469742064873 469742064874 469742064875 469742064876 469742064877 469742064878 469742064879 469742064880 
Case #50: 111111120 
Case #51: 6 
Case #52: 499364 499365 499366 499367 499368 499369 499370 499371 499372 499373 499374 499375 499376 499377 499378 499379 499380 499381 499382 499383 499384 499385 499386 499387 499388 499389 499390 499391 499392 499393 499394 499395 499396 499397 499398 499399 499400 499401 499402 499403 499404 499405 499406 499407 499408 499409 499410 499411 499412 499413 499414 499415 499416 499417 499418 499419 499420 499421 499422 499423 499424 499425 499426 499427 499428 499429 499430 499431 499432 499433 499434 499435 499436 499437 499438 
Case #53: 199623130736 199623130737 199623130738 199623130739 199623130740 199623130741 199623130742 199623130743 199623130744 199623130745 199623130746 199623130747 199623130748 199623130749 199623130750 199623130751 199623130752 199623130753 199623130754 199623130755 199623130756 199623130757 199623130758 199623130759 199623130760 199623130761 199623130762 199623130763 199623130764 199623130765 199623130766 199623130767 199623130768 
Case #54: 83925549254 83925549255 83925549256 83925549257 83925549258 83925549259 83925549260 83925549261 83925549262 83925549263 83925549264 83925549265 83925549266 83925549267 83925549268 83925549269 83925549270 83925549271 83925549272 83925549273 83925549274 83925549275 83925549276 83925549277 83925549278 83925549279 83925549280 83925549281 83925549282 83925549283 83925549284 83925549285 83925549286 83925549287 83925549288 83925549289 83925549290 83925549291 83925549292 83925549293 83925549294 83925549295 83925549296 83925549297 83925549298 83925549299 83925549300 83925549301 83925549302 83925549303 83925549304 83925549305 83925549306 83925549307 83925549308 83925549309 83925549310 83925549311 83925549312 
Case #55: 24 
Case #56: 10104 10105 10106 10107 10108 10109 10110 10111 10112 10113 10114 10115 10116 10117 10118 10119 10120 10121 10122 10123 10124 10125 10126 10127 10128 10129 10130 10131 10132 10133 10134 10135 10136 10137 10138 10139 10140 10141 10142 10143 10144 10145 10146 10147 10148 10149 10150 10151 10152 10153 10154 10155 10156 10157 10158 10159 10160 10161 10162 10163 10164 10165 10166 10167 10168 10169 10170 10171 10172 10173 10174 10175 10176 10177 10178 10179 10180 10181 10182 10183 10184 10185 10186 10187 10188 10189 10190 10191 10192 10193 10194 10195 10196 10197 10198 10199 10200 
Case #57: 198539 198540 198541 198542 198543 198544 198545 198546 198547 198548 198549 198550 198551 198552 198553 198554 198555 198556 198557 198558 198559 198560 198561 198562 198563 198564 198565 198566 198567 198568 198569 198570 198571 198572 198573 198574 198575 198576 198577 198578 198579 198580 198581 198582 198583 198584 198585 198586 198587 198588 198589 198590 198591 198592 
Case #58: 1839908871720 1839908871721 1839908871722 1839908871723 1839908871724 1839908871725 1839908871726 1839908871727 1839908871728 1839908871729 1839908871730 1839908871731 1839908871732 1839908871733 1839908871734 1839908871735 1839908871736 1839908871737 1839908871738 1839908871739 1839908871740 1839908871741 1839908871742 1839908871743 1839908871744 
Case #59: 3835266 3835267 3835268 3835269 3835270 3835271 3835272 3835273 3835274 3835275 3835276 3835277 3835278 3835279 3835280 3835281 3835282 3835283 3835284 3835285 3835286 3835287 3835288 3835289 3835290 3835291 3835292 3835293 3835294 3835295 3835296 3835297 3835298 3835299 3835300 3835301 3835302 3835303 3835304 
Case #60: 2 3 4 5 6 7 8 9 10 11 12 13 14 15 16 17 18 19 20 21 22 23 24 25 26 27 28 29 30 31 32 33 34 35 36 37 38 39 40 41 42 43 44 45 46 47 48 49 50 51 52 53 54 55 56 57 58 59 60 61 62 63 64 65 66 67 68 69 70 71 72 73 
Case #61: 6 
Case #62: 210539937 210539938 210539939 210539940 210539941 210539942 210539943 210539944 210539945 210539946 210539947 210539948 210539949 210539950 210539951 210539952 210539953 210539954 210539955 210539956 210539957 210539958 210539959 210539960 210539961 210539962 210539963 210539964 210539965 210539966 210539967 210539968 210539969 210539970 210539971 210539972 210539973 210539974 210539975 210539976 
Case #63: 2760 2761 2762 2763 2764 2765 2766 2767 2768 2769 2770 2771 2772 2773 2774 2775 2776 2777 2778 2779 2780 2781 2782 2783 2784 2785 2786 2787 2788 2789 2790 2791 2792 2793 2794 2795 2796 2797 2798 2799 2800 2801 2802 2803 2804 2805 2806 2807 2808 
Case #64: 55344360 55344361 55344362 55344363 55344364 55344365 55344366 55344367 55344368 55344369 55344370 55344371 55344372 55344373 55344374 55344375 55344376 55344377 55344378 55344379 55344380 55344381 55344382 55344383 55344384 55344385 55344386 55344387 55344388 55344389 55344390 55344391 55344392 55344393 55344394 55344395 55344396 55344397 55344398 55344399 55344400 55344401 55344402 55344403 55344404 55344405 55344406 55344407 55344408 55344409 55344410 55344411 55344412 55344413 55344414 55344415 55344416 55344417 55344418 55344419 55344420 55344421 55344422 55344423 55344424 55344425 55344426 55344427 55344428 55344429 55344430 55344431 55344432 55344433 55344434 55344435 55344436 55344437 55344438 55344439 55344440 
Case #65: 7411742290 7411742291 7411742292 7411742293 7411742294 7411742295 7411742296 7411742297 
Case #66: 36319351833643 36319351833644 36319351833645 36319351833646 36319351833647 36319351833648 36319351833649 36319351833650 36319351833651 36319351833652 36319351833653 36319351833654 36319351833655 36319351833656 36319351833657 36319351833658 36319351833659 36319351833660 36319351833661 36319351833662 36319351833663 36319351833664 
Case #67: 2238976124 2238976125 2238976126 2238976127 2238976128 2238976129 2238976130 2238976131 2238976132 2238976133 2238976134 2238976135 2238976136 2238976137 2238976138 2238976139 2238976140 2238976141 2238976142 2238976143 2238976144 2238976145 2238976146 2238976147 2238976148 2238976149 2238976150 2238976151 2238976152 
Case #68: 188721952 188721953 188721954 188721955 188721956 188721957 188721958 188721959 188721960 188721961 188721962 188721963 188721964 188721965 188721966 188721967 188721968 188721969 188721970 188721971 188721972 188721973 188721974 188721975 188721976 188721977 188721978 188721979 188721980 188721981 188721982 188721983 188721984 188721985 188721986 188721987 188721988 188721989 188721990 
Case #69: 1 
Case #70: 1 2 3 4 5 6 7 8 9 10 11 12 13 14 15 16 17 18 19 20 21 22 23 24 25 26 27 28 29 30 31 32 33 34 35 36 37 38 39 40 41 42 43 44 45 46 47 48 49 50 51 52 53 54 
Case #71: 286331161 286331162 286331163 286331164 286331165 286331166 286331167 286331168 
Case #72: 2 
Case #73: 24 
Case #74: 326702875013 326702875014 326702875015 326702875016 326702875017 326702875018 326702875019 326702875020 326702875021 326702875022 326702875023 326702875024 326702875025 326702875026 326702875027 326702875028 326702875029 326702875030 326702875031 326702875032 326702875033 326702875034 326702875035 326702875036 326702875037 326702875038 326702875039 326702875040 326702875041 326702875042 326702875043 326702875044 326702875045 326702875046 326702875047 326702875048 
Case #75: 2 3 4 
Case #76: 1 
Case #77: 2 
Case #78: 75 76 77 78 79 80 81 82 83 84 85 86 87 88 89 90 91 92 93 94 95 96 97 98 99 100 101 102 103 104 105 106 107 108 109 110 111 112 113 114 115 116 117 118 119 120 121 122 123 124 125 126 127 128 129 130 131 132 133 134 135 136 137 138 139 140 141 142 143 144 
Case #79: 103 104 105 106 107 108 109 110 111 112 113 114 115 116 117 118 119 120 121 122 123 124 125 126 127 128 129 130 131 132 133 134 135 136 137 138 139 140 141 142 143 144 145 146 147 148 149 150 151 152 153 154 155 156 157 158 159 160 161 162 163 164 165 166 167 168 169 170 171 172 173 174 175 176 177 178 179 180 181 182 183 184 185 186 187 188 189 190 191 192 193 194 195 196 197 198 199 200 
Case #80: 36413889826872 36413889826873 36413889826874 36413889826875 36413889826876 
Case #81: 330927451100 330927451101 330927451102 330927451103 330927451104 330927451105 330927451106 330927451107 330927451108 330927451109 330927451110 330927451111 330927451112 330927451113 330927451114 330927451115 330927451116 330927451117 330927451118 330927451119 330927451120 330927451121 330927451122 330927451123 330927451124 330927451125 330927451126 330927451127 330927451128 330927451129 330927451130 330927451131 330927451132 330927451133 330927451134 330927451135 330927451136 330927451137 330927451138 330927451139 330927451140 330927451141 330927451142 330927451143 330927451144 330927451145 330927451146 330927451147 330927451148 330927451149 330927451150 330927451151 330927451152 330927451153 330927451154 330927451155 330927451156 330927451157 330927451158 330927451159 330927451160 330927451161 330927451162 330927451163 330927451164 330927451165 330927451166 330927451167 330927451168 330927451169 330927451170 330927451171 330927451172 330927451173 330927451174 330927451175 
Case #82: 2 
Case #83: 1 2 3 
Case #84: 6 
Case #85: 11116 11117 11118 11119 11120 
Case #86: 579201 579202 579203 579204 579205 579206 579207 579208 
Case #87: 177162 177163 177164 177165 177166 
Case #88: 2101864260 2101864261 2101864262 2101864263 2101864264 2101864265 2101864266 2101864267 2101864268 2101864269 2101864270 2101864271 2101864272 2101864273 2101864274 2101864275 2101864276 2101864277 2101864278 2101864279 2101864280 2101864281 2101864282 2101864283 2101864284 2101864285 2101864286 2101864287 2101864288 2101864289 2101864290 2101864291 2101864292 2101864293 2101864294 2101864295 2101864296 2101864297 2101864298 2101864299 2101864300 2101864301 2101864302 2101864303 2101864304 2101864305 2101864306 2101864307 2101864308 2101864309 2101864310 2101864311 2101864312 2101864313 2101864314 2101864315 2101864316 2101864317 2101864318 2101864319 2101864320 2101864321 2101864322 2101864323 2101864324 2101864325 2101864326 
Case #89: 1 
Case #90: 1264758228173 1264758228174 1264758228175 1264758228176 1264758228177 1264758228178 1264758228179 1264758228180 1264758228181 1264758228182 1264758228183 1264758228184 
Case #91: 6 
Case #92: 8184548359858 8184548359859 8184548359860 8184548359861 8184548359862 8184548359863 8184548359864 8184548359865 8184548359866 8184548359867 8184548359868 8184548359869 8184548359870 8184548359871 8184548359872 8184548359873 8184548359874 8184548359875 8184548359876 8184548359877 8184548359878 8184548359879 8184548359880 8184548359881 8184548359882 8184548359883 8184548359884 8184548359885 8184548359886 8184548359887 8184548359888 8184548359889 
Case #93: 2 3 4 5 6 7 8 9 10 11 12 13 14 15 16 17 18 19 20 21 22 23 24 25 26 27 28 29 30 31 32 33 34 35 36 37 38 39 40 41 42 43 44 45 46 47 48 49 50 51 52 53 54 55 56 57 58 59 60 61 62 63 64 65 66 67 68 69 70 71 72 73 74 75 76 77 78 79 80 81 82 83 84 85 86 87 88 89 90 91 92 93 94 95 96 97 98 99 100 
Case #94: 1134979744810 1134979744811 1134979744812 1134979744813 1134979744814 1134979744815 1134979744816 1134979744817 1134979744818 1134979744819 1134979744820 1134979744821 1134979744822 1134979744823 1134979744824 1134979744825 1134979744826 1134979744827 1134979744828 1134979744829 1134979744830 1134979744831 1134979744832 
Case #95: 1 
Case #96: 113522243 113522244 113522245 113522246 113522247 113522248 
Case #97: 2554 2555 2556 2557 2558 2559 2560 2561 2562 2563 2564 2565 2566 2567 2568 2569 2570 2571 2572 2573 2574 2575 2576 2577 2578 2579 2580 2581 2582 2583 2584 2585 2586 2587 2588 2589 2590 2591 2592 2593 2594 2595 2596 2597 2598 2599 2600 
Case #98: 335566482753820 335566482753821 335566482753822 335566482753823 335566482753824 335566482753825 335566482753826 335566482753827 335566482753828 335566482753829 335566482753830 335566482753831 335566482753832 335566482753833 335566482753834 335566482753835 335566482753836 335566482753837 335566482753838 335566482753839 335566482753840 335566482753841 335566482753842 335566482753843 335566482753844 335566482753845 335566482753846 335566482753847 335566482753848 335566482753849 335566482753850 
Case #99: 1115 1116 1117 1118 1119 1120 
Case #100: 101 102 103 104 105 106 107 108 109 110 111 112 113 114 115 116 117 118 119 120 121 122 123 124 125 126 127 128 129 130 131 132 133 134 135 136 137 138 139 140 141 142 143 144 145 146 147 148 149 150 151 152 153 154 155 156 157 158 159 160 161 162 163 164 165 166 167 168 169 170 171 172 173 174 175 176 177 178 179 180 181 182 183 184 185 186 187 188 189 190 191 192 193 194 195 196 
