Case #1: 2 3 
Case #2: 1 
Case #3: 1 2 
Case #4: 2 6 7 
Case #5: 1 
Case #6: 120683784707 4585983818838 9051283852969 13516583887100 17981883921231 22447183955362 26912483989493 31377784023624 35843084057755 40308384091886 44773684126017 49238984160148 53704284194279 58169584228410 62634884262541 67100184296672 71565484330803 76030784364934 80496084399065 84961384433196 89426684467327 93891984501458 98357284535589 102822584569720 107287884603851 111753184637982 116218484672113 120683784706244 125149084740375 129614384774506 134079684808599 138544984841285 143010284820505 147475582768017 151940803510625 156403090466881 160753893541761 160868309124353 
Case #7: 1 
Case #8: 4543326082 386182716893 767822107704 1149461498515 1531100889326 1912740280137 2294379670948 2676019061759 3057658452570 3439297843381 3820937234192 4202576625003 4584216015814 4965855406625 5347494797436 5729134188247 6110773579058 6492412969869 6874052360680 7255691751491 7637331142302 8018970533113 8400609923924 8782249314735 9163888705546 9545528096357 9927167487168 10308806877979 10690446268790 11072085659601 11453725050412 11835364441223 12217003832034 12598643222845 12980282613656 13361922004467 13743561395278 14125200786089 14506840176900 14888479567711 15270118958522 15651758349333 16033397740144 16415037130955 16796676521766 17178315912577 17559955303388 17941594694199 18323234085010 18704873475821 19086512866632 19468152257443 19849791648254 20231431039065 20613070429876 20994709820687 21376349211498 21757988602309 22139627993120 22521267383931 22902906774742 23284546165553 23666185556364 24047824947175 24429464337986 24811103728797 25192743119608 25574382510419 25956021901230 26337661292041 26719300682852 27100940073663 27482579464474 27864218855285 28245858246096 28627497636907 29009137027718 29390776418529 29772415809340 30154055200066 30535694583651 30917333360251 31298920543126 31676122259376 31680559312501 
Case #9: 910698096646 28231640996006 55552583895366 82873526794726 110194469694086 137515412593446 164836355492806 192157298392166 219478241291526 246799184190886 274120127090246 301441069989606 328762012888966 356082955788326 383403898687686 410724841587046 438045784486406 465366727385766 492687670285126 520008613184486 547329556083846 574650498983206 601971441882535 629292384780933 656613327650470 683934269625316 711255183864741 738575238306115 765868639007908 792335773782690 793188664820131 
Case #10: 27 628 1229 1830 2431 3032 3633 4234 4835 5436 6037 6638 7239 7840 8441 9042 9643 10244 10845 11446 12047 12648 13225 13249 
Case #11: 1296932067758066 23344777219645185 45392622371532304 67440467523419423 89488312675306542 111536157827193643 133584002979080437 155631848130961705 177679693282743505 199727538432734881 221775383550498625 243823228088164993 265871062184078593 287918708328442369 309962971344909313 331946338059233281 352833571334983681 353990402716409857 
Case #12: 628835 53450896 106272957 159095018 211917079 264739140 317561201 370383262 423205323 476027384 528849445 581671506 634493567 687315628 740137689 792959750 845781811 898603872 951425933 1004247994 1057070055 1109892116 1162714177 1215536238 1268358299 1321180360 1374002421 1426824482 1479646543 1532468604 1585290665 1638112726 1690934787 1743756848 1796578909 1849400970 1902223031 1955045092 2007867153 2060689214 2113511275 2166333336 2219155397 2271977458 2324799519 2377621580 2430443641 2483265702 2536087763 2588909824 2641731885 2694553946 2747376007 2800198068 2853020129 2905842190 2958664251 3011486312 3064308373 3117130434 3169952495 3222774556 3275596617 3328418678 3381240739 3434062800 3486884861 3539706922 3592528983 3645351044 3698173105 3750995166 3803817227 3856639288 3909461349 3962283410 4015105471 4067927532 4120749593 4173571654 4226393715 4279215691 4332030526 4384238376 4384852501 
Case #13: 2 7 12 13 
Case #14: 23452286765157 1899635227977646 3775818169190135 5652001110402624 7528184051615113 9404366992827602 11280549934040091 13156732875252580 15032915816465069 16909098757677558 18785281698890047 20661464640102536 22537647581315025 24413830522527514 26290013463740003 28166196404952492 30042379346164981 31918562287377470 33794745228589959 35670928169802448 37547111111014937 39423294052227426 41299476993439915 43175659934652404 45051842875864893 46928025817077382 48804208758289871 50680391699502360 52556574640714849 54432757581927338 56308940523139827 58185123464352316 60061306405564805 61937489346777294 63813672287989783 65689855229202272 67566038170414761 69442221111627250 71318404052839739 73194586994052228 75070769935264717 76946952876477206 78823135817689695 80699318758902184 82575501700114673 84451684641327162 86327867582539651 88204050523752140 90080233464964629 91956416406177118 93832599347389607 95708782288602096 97584965229814585 99461148171027074 101337331112239563 103213514053452052 105089696994664541 106965879935877030 108842062877089519 110718245818302008 112594428759514497 114470611700726986 116346794641939475 118222977583151964 120099160524364453 121975343465576942 123851526406789431 125727709348001920 127603892289214409 129480075230426898 131356258171639387 133232441112851876 135108624054064365 136984806995276773 138860989936482700 140737172877163666 142613355775322791 144489535229212795 146365435697303998 148218738315692320 148241615108147281 
Case #15: 2 94 186 278 370 462 554 646 738 830 922 1014 1106 1198 1290 1382 1474 1566 1658 1750 1842 1934 2026 2118 2210 2302 2394 2486 2578 2670 2762 2854 2946 3038 3130 3222 3314 3406 3498 3590 3682 3774 3866 3958 4050 4142 4234 4326 4418 4510 4602 4694 4786 4878 4970 5062 5154 5246 5338 5430 5522 5614 5706 5798 5890 5982 6074 6166 6258 6350 6442 6534 6626 6718 6810 6902 6994 7086 7178 7270 7362 7454 7546 7638 7730 7822 7914 8006 8098 8190 8191 
Case #16: 7 28 45 49 
Case #17: 3799504201 311559344408 619319184615 927079024822 1234838865029 1542598705236 1850358545443 2158118385650 2465878225857 2773638066064 3081397906271 3389157746478 3696917586685 4004677426892 4312437267099 4620197107306 4927956947513 5235716787720 5543476627927 5851236468134 6158996308341 6466756148548 6774515988755 7082275828962 7390035669169 7697795509376 8005555349583 8313315189790 8621075029997 8928834870204 9236594710411 9544354550618 9852114390825 10159874231032 10467634071239 10775393911446 11083153751653 11390913591860 11698673432067 12006433272274 12314193112481 12621952952688 12929712792895 13237472633102 13545232473309 13852992313516 14160752153723 14468511993930 14776271834137 15084031674344 15391791514551 15699551354758 16007311194965 16315071035172 16622830875379 16930590715586 17238350555793 17546110396000 17853870236207 18161630076414 18469389916621 18777149756828 19084909597035 19392669437242 19700429277449 20008189117656 20315948957863 20623708798070 20931468638277 21239228478484 21546988318691 21854748158898 22162507999105 22470267839312 22778027679519 23085787519726 23393547359851 23701307193333 24009066482089 24316781103313 24620832986913 24624540385345 
Case #18: 15038336683837 1142913587971546 2270788839259255 3398664090546964 4526539341834673 5654414593122382 6782289844410091 7910165095697800 9038040346985509 10165915598273218 11293790849560927 12421666100848636 13549541352136345 14677416603424054 15805291854711763 16933167105999472 18061042357287181 19188917608574890 20316792859862599 21444668111150308 22572543362438017 23700418613725726 24828293865013435 25956169116301144 27084044367588853 28211919618876562 29339794870164271 30467670121451980 31595545372739689 32723420624027398 33851295875315107 34979171126602816 36107046377890525 37234921629178234 38362796880465943 39490672131753652 40618547383041361 41746422634329070 42874297885616779 44002173136904488 45130048388192197 46257923639479906 47385798890767615 48513674142055324 49641549393343033 50769424644630742 51897299895918451 53025175147206160 54153050398493869 55280925649781578 56408800901069287 57536676152356996 58664551403644705 59792426654932414 60920301906220123 62048177157507832 63176052408795541 64303927660083250 65431802911370959 66559678162658668 67687553413946377 68815428665234086 69943303916521795 71071179167809504 72199054419097213 73326929670384922 74454804921672631 75582680172960340 76710555424247973 77838430675529905 78966305926378561 80094181144298241 81222053859615745 82349736377167873 83462963864551425 83477609059123201 
Case #19: 74566 1193047 2311528 3430009 4548490 5666971 6785452 7903933 9022414 10140895 11259376 12377841 13496065 14610433 15663105 15728641 
Case #20: 4886718346 78187493531 151488268716 224789043901 298089819086 371390594271 444691369456 517992144625 591292919553 664593690625 737894400001 811194122241 884478050305 957509271553 1026497183745 1030792151041 
Case #21: 1866 11191 20485 29593 37585 38881 
Case #22: 1 2 3 4 5 6 7 8 9 10 11 12 13 14 15 16 17 18 19 20 21 22 23 24 25 26 27 28 29 30 31 32 33 34 35 36 37 38 39 40 41 42 43 44 45 46 47 48 49 50 51 52 53 54 55 56 57 58 59 60 61 62 63 64 65 66 67 68 69 70 71 72 73 74 75 76 77 78 79 80 81 82 83 84 85 86 87 88 89 90 91 92 93 94 95 96 
Case #23: 6 16 19 
Case #24: 2 3 
Case #25: 35754151 1144132808 2252511465 3360890122 4469268779 5577647436 6686026093 7794404750 8902783407 10011162064 11119540721 12227919378 13336298035 14444676692 15553055349 16661434006 17769812663 18878191320 19986569977 21094948634 22203327291 23311705948 24420084605 25528463262 26636841919 27745220576 28853599201 29961976833 31070322689 32177651713 33252442113 33285996545 
Case #26: 28 109 177 193 
Case #27: 1 2 3 4 
Case #28: 1 
Case #29: 1092 34917 68742 102567 136392 170217 204042 237867 271692 305517 339342 373167 406992 440817 474642 508467 542292 576117 609942 643767 677592 711417 745242 779067 812892 846717 880542 914367 948192 981985 1014785 1015809 
Case #30: 102030405060709 10203040506070810 20304050607080911 30405060708091012 40506070809101113 50607080910111214 60708091011121315 70809101112131416 80910111213141517 91011121314151618 101112131415161719 111213141516171820 121314151617181921 131415161718192022 141516171819202123 151617181920212224 161718192021222325 171819202122232426 181920212223242527 192021222324252628 202122232425262729 212223242526272830 222324252627282931 232425262728293032 242526272829303133 252627282930313234 262728293031323335 272829303132333436 282930313233343537 293031323334353638 303132333435363739 313233343536373840 323334353637383941 333435363738394042 343536373839404143 353637383940414244 363738394041424345 373839404142434446 383940414243444547 394041424344454648 404142434445464749 414243444546474850 424344454647484951 434445464748495052 444546474849505153 454647484950515254 464748495051525355 474849505152535456 484950515253545557 495051525354555658 505152535455565759 515253545556575860 525354555657585961 535455565758596062 545556575859606163 555657585960616264 565758596061626365 575859606162636466 585960616263646567 596061626364656668 606162636465666769 616263646566676870 626364656667686971 636465666768697072 646566676869707173 656667686970717274 666768697071727375 676869707172737476 686970717273747577 697071727374757678 707172737475767779 717273747576777880 727374757677787981 737475767778798082 747576777879808183 757677787980818284 767778798081828385 777879808182838486 787980818283848587 798081828384858688 808182838485868789 818283848586878890 828384858687888991 838485868788899092 848586878889909193 858687888990919294 868788899091929395 878889909192939496 888990919293949597 899091929394959698 909192939495969799 919293949596979900 929394959697989901 939495969798990001 949596979899000001 959697989900000001 969798990000000001 979899000000000001 989900000000000001 990000000000000001 
Case #31: 6 16 19 
Case #32: 423856 10596382 20768908 30941434 41113960 51286486 61459012 71631538 81804064 91976590 102149116 112321642 122494168 132666694 142839220 153011746 163184272 173356798 183529324 193701850 203874351 214046251 224203126 233984376 234375001 
Case #33: 368211 26142916 51917621 77692326 103467031 129241736 155016441 180791146 206565851 232340556 258115261 283889966 309664671 335439376 361214081 386988786 412763491 438538196 464312901 490087606 515862311 541637016 567411721 593186426 618961131 644735836 670510541 696285246 722059951 747834656 773609361 799384066 825158771 850933476 876708181 902482886 928257591 954032296 979807001 1005581706 1031356411 1057131116 1082905821 1108680526 1134455231 1160229936 1186004641 1211779346 1237554051 1263328756 1289103461 1314878166 1340652871 1366427576 1392202281 1417976986 1443751691 1469526396 1495301101 1521075806 1546850511 1572625216 1598399921 1624174626 1649949331 1675724036 1701498741 1727273375 1753043038 1778459760 1778817671 
Case #34: 94557149 1985700117 3876843085 5767986053 7659129021 9550271989 11441414957 13332557925 15223700893 17114843861 19005986829 20897129797 22788272765 24679415733 26570558680 28461701206 30352834891 32243782915 34130832058 35936004700 36021770821 
Case #35: 1866 11191 20485 29593 37585 38881 
Case #36: 6087 468627 931167 1393707 1856247 2318787 2781327 3243867 3706407 4168947 4631487 5094027 5556567 6019107 6481647 6944187 7406727 7869267 8331807 8794347 9256887 9719427 10181967 10644507 11107047 11569587 12032127 12494667 12957207 13419747 13882287 14344827 14807367 15269907 15732447 16194987 16657527 17120067 17582607 18045147 18507687 18970227 19432767 19895307 20357847 20820387 21282927 21745467 22208007 22670547 23133087 23595627 24058167 24520707 24983247 25445787 25908327 26370867 26833407 27295947 27758487 28221027 28683567 29146107 29608647 30071187 30533727 30996267 31458807 31921347 32383887 32846427 33308967 33771507 34233970 34690580 34696509 
Case #37: 154092184 6625963877 13097835570 19569707263 26041578956 32513450649 38985322342 45457194035 51929065728 58400937421 64872809114 71344680807 77816552500 84288424193 90760295886 97232167579 103704039272 110175910965 116647782658 123119654351 129591526044 136063397737 142535269430 149007141123 155479012816 161950884509 168422756202 174894627895 181366499588 187838371281 194310242974 200782114667 207253986360 213725858053 220197729746 226669601439 233141473132 239613344782 246085214625 252557006767 259025457766 265350239616 265497248059 
Case #38: 875180870876167 27130606997161159 53386033123446151 79641459249731143 105896885376016135 132152311502301127 158407737628586119 184663163754871111 210918589881156103 237174016007441095 263429442133726087 289684868260011079 315940294386296071 342195720512581063 368451146638866055 394706572765151047 420961998891436039 447217425017721031 473472851144006023 499728277270291015 525983703396575976 552239129522860006 578494555649115175 604749981774475653 631005407872100710 657260833109927716 683516231694015141 709770804012175555 735999762086598628 761434678605164130 762254306892144931 
Case #39: 6 16 19 
Case #40: 2 53 104 155 206 257 308 359 410 461 512 563 614 665 716 767 818 869 920 971 1022 1073 1124 1175 1226 1277 1328 1379 1430 1481 1532 1583 1634 1685 1736 1787 1838 1889 1940 1991 2042 2093 2144 2195 2246 2297 2348 2399 2450 2451 
Case #41: 7497717589 704785453280 1402073188971 2099360924662 2796648660353 3493936396044 4191224131735 4888511867426 5585799603117 6283087338808 6980375074499 7677662810190 8374950545881 9072238281572 9769526017263 10466813752954 11164101488645 11861389224336 12558676960027 13255964695718 13953252431409 14650540167100 15347827902791 16045115638482 16742403374173 17439691109864 18136978845555 18834266581246 19531554316937 20228842052628 20926129788319 21623417524010 22320705259701 23017992995392 23715280731083 24412568466774 25109856202465 25807143938156 26504431673847 27201719409538 27899007145229 28596294880920 29293582616611 29990870352302 30688158087993 31385445823684 32082733559375 32780021295066 33477309030757 34174596766448 34871884502139 35569172237830 36266459973521 36963747709212 37661035444903 38358323180594 39055610916285 39752898651976 40450186387667 41147474123358 41844761859049 42542049594740 43239337330431 43936625066122 44633912801813 45331200537504 46028488273195 46725776008886 47423063744577 48120351480268 48817639215959 49514926951650 50212214687341 50909502423032 51606790158723 52304077894414 53001365630105 53698653365796 54395941101487 55093228837178 55790516572869 56487804308560 57185092044251 57882379779942 58579667515633 59276955251324 59974242987015 60671530722706 61368818458303 62066106185157 62763393090169 63460602742033 64150550597985 64157889638209 
Case #42: 1418554 48230809 95043064 141855319 188667574 235479829 282292084 329104339 375916594 422728849 469541104 516353359 563165614 609977869 656790124 703602379 750414634 797226889 844039144 890851399 937663654 984475909 1031288164 1078100419 1124912674 1171724929 1218537184 1265349439 1312161694 1358973915 1405785013 1452557929 1498032657 1499368993 
Case #43: 1 
Case #44: 5479 399899 794319 1188739 1583159 1977579 2371999 2766419 3160839 3555259 3949679 4344099 4738519 5132939 5527359 5921779 6316199 6710619 7105039 7499459 7893879 8288299 8682719 9077139 9471559 9865979 10260399 10654819 11049239 11443659 11838079 12232499 12626919 13021339 13415759 13810179 14204599 14599019 14993439 15387859 15782279 16176699 16571119 16965539 17359959 17754379 18148799 18543219 18937639 19332059 19726479 20120899 20515319 20909739 21304159 21698579 22092999 22487419 22881839 23276259 23670679 24065099 24459519 24853939 25248359 25642779 26037199 26431619 26826039 27220459 27614806 28003896 28009225 
Case #45: 12486472279055 923998948650006 1835511425020957 2747023901391908 3658536377762859 4570048854133810 5481561330504761 6393073806875712 7304586283246663 8216098759617614 9127611235988565 10039123712359516 10950636188730467 11862148665101418 12773661141472369 13685173617843320 14596686094214271 15508198570585222 16419711046956173 17331223523327124 18242735999698075 19154248476069026 20065760952439977 20977273428810928 21888785905181879 22800298381552830 23711810857923781 24623323334294732 25534835810665683 26446348287036634 27357860763407585 28269373239778536 29180885716149487 30092398192520438 31003910668891389 31915423145262340 32826935621633291 33738448098004242 34649960574375193 35561473050746144 36472985527117095 37384498003488046 38296010479858997 39207522956229948 40119035432600899 41030547908971850 41942060385342801 42853572861713752 43765085338084703 44676597814455654 45588110290826605 46499622767197556 47411135243568507 48322647719939458 49234160196310409 50145672672681360 51057185149052311 51968697625423262 52880210101794213 53791722578165164 54703235054536115 55614747530907066 56526260007278017 57437772483648968 58349284960019919 59260797436390870 60172309912761747 61083822389127221 61995334865092873 62906847311471697 63818357568425249 64729705807908673 65629064754602625 65641216034875649 
Case #46: 155567147357 11356401756997 22557236366637 33758070976277 44958905585917 56159740195557 67360574805197 78561409414837 89762244024477 100963078634117 112163913243757 123364747853397 134565582463037 145766417072677 156967251682317 168168086291957 179368920901597 190569755511237 201770590120877 212971424730517 224172259340157 235373093949797 246573928559437 257774763169077 268975597778717 280176432388357 291377266997997 302578101607637 313778936217277 324979770826917 336180605436557 347381440046197 358582274655837 369783109265477 380983943875117 392184778484757 403385613094397 414586447704037 425787282313677 436988116923317 448188951532957 459389786142597 470590620752237 481791455361877 492992289971517 504193124581157 515393959190797 526594793800437 537795628410077 548996463019717 560197297629357 571398132238997 582598966848637 593799801458277 605000636067917 616201470677557 627402305287197 638603139896837 649803974506477 661004809116117 672205643725757 683406478335397 694607312945037 705808147554677 717008982164317 728209816773957 739410651383524 750611485987834 761812320208383 773013126414379 784211887558006 795261359148696 795412693374985 
Case #47: 77747 3265338 6452929 9640520 12828111 16015702 19203293 22390884 25578475 28766066 31953657 35141248 38328839 41516430 44704021 47891612 51079203 54266794 57454385 60641976 63829567 67017158 70204749 73392340 76579931 79767522 82955113 86142704 89330295 92517886 95705477 98893068 102080659 105268250 108455841 111643432 114831023 118018614 121206163 124391989 127505449 127579537 
Case #48: 1856146972 131786434949 261716722926 391647010903 521577298880 651507586857 781437874834 911368162811 1041298450788 1171228738765 1301159026742 1431089314719 1561019602696 1690949890673 1820880178650 1950810466627 2080740754604 2210671042581 2340601330558 2470531618535 2600461906512 2730392194489 2860322482466 2990252770443 3120183058420 3250113346397 3380043634374 3509973922351 3639904210328 3769834498305 3899764786282 4029695074259 4159625362236 4289555650213 4419485938190 4549416226167 4679346514144 4809276802121 4939207090098 5069137378075 5199067666052 5328997954029 5458928242006 5588858529983 5718788817960 5848719105937 5978649393914 6108579681891 6238509969868 6368440257845 6498370545822 6628300833799 6758231121776 6888161409753 7018091697730 7148021985707 7277952273684 7407882561661 7537812849638 7667743137615 7797673425592 7927603713569 8057534001546 8187464289523 8317394577500 8447324865406 8577255148341 8707185078335 8837089949518 8965215645120 8967019874471 
Case #49: 844 23609 46374 69139 91904 114669 137434 160199 182964 205729 228494 251259 274024 296789 319554 342319 365084 387849 410614 433379 456144 478909 501674 524439 547204 569941 591921 592705 
Case #50: 6 16 19 
Case #51: 455402549467 20948517275446 41441632001425 61934746727404 82427861453383 102920976179362 123414090905341 143907205631320 164400320357299 184893435083278 205386549809257 225879664535236 246372779261215 266865893987194 287359008713173 307852123439152 328345238165131 348838352891110 369331467617089 389824582343068 410317697069047 430810811795026 451303926521005 471797041246984 492290155972963 512783270698942 533276385424921 553769500150900 574262614876879 594755729602858 615248844328837 635741959054816 656235073780795 676728188506774 697221303232753 717714417958732 738207532684711 758700647410690 779193762136623 799686876860485 820179991489081 840673101735441 861166010398945 881649646251073 901706732779905 902142550437121 
Case #52: 1 2 3 
Case #53: 1 
Case #54: 42 1603 3164 4725 6286 7847 9408 10969 12530 14091 15652 17213 18774 20335 21896 23457 25018 26579 28140 29701 31262 32823 34384 35945 37506 39067 40628 42189 43750 45311 46872 48433 49994 51555 53116 54677 56238 57760 57799 
Case #55: 43 1684 3325 4966 6607 8248 9889 11530 13171 14812 16453 18094 19735 21376 23017 24658 26299 27940 29581 31222 32863 34504 36145 37786 39427 41068 42709 44350 45991 47632 49273 50914 52555 54196 55837 57478 59119 60760 62361 62401 
Case #56: 1 2 3 4 5 6 7 8 9 10 11 12 13 14 15 
Case #57: 995949685 18923044006 36850138327 54777232648 72704326969 90631421290 108558515611 126485609932 144412704253 162339798574 180266892895 198193987197 216121081156 234048168598 251975132217 269899743199 287779654078 304810263000 305704134739 
Case #58: 103 10204 20305 30406 40507 50608 60709 70810 80911 91012 101113 111214 121315 131416 141517 151618 161719 171820 181921 192022 202123 212224 222325 232426 242527 252628 262729 272830 282931 293032 303133 313234 323335 333436 343537 353638 363739 373840 383941 394042 404143 414244 424345 434446 444547 454648 464749 474850 484951 495052 505153 515254 525355 535456 545557 555658 565759 575860 585961 596062 606163 616264 626365 636466 646567 656668 666769 676870 686971 697072 707173 717274 727375 737476 747577 757678 767779 777880 787981 798082 808183 818284 828385 838486 848587 858688 868789 878890 888991 899092 909193 919294 929395 939496 949597 959698 969799 979900 989901 990001 
Case #59: 76735068789417 7366566603783946 14656398138778475 21946229673773004 29236061208767533 36525892743762062 43815724278756591 51105555813751120 58395387348745649 65685218883740178 72975050418734707 80264881953729236 87554713488723765 94844545023718294 102134376558712823 109424208093707352 116714039628701881 124003871163696410 131293702698690939 138583534233685468 145873365768679997 153163197303674526 160453028838669055 167742860373663584 175032691908658113 182322523443652642 189612354978647171 196902186513641700 204192018048636229 211481849583630758 218771681118625287 226061512653619816 233351344188614345 240641175723608874 247931007258603403 255220838793597932 262510670328592461 269800501863586990 277090333398581519 284380164933576048 291669996468570577 298959828003565106 306249659538559635 313539491073554164 320829322608548693 328119154143543222 335408985678537751 342698817213532280 349988648748526809 357278480283521338 364568311818515867 371858143353510396 379147974888504925 386437806423499454 393727637958493983 401017469493488512 408307301028483041 415597132563477570 422886964098472099 430176795633466628 437466627168461157 444756458703455686 452046290238450215 459336121773444744 466625953308439273 473915784843433802 481205616378428331 488495447913422860 495785279448417389 503075110983411918 510364942518406447 517654774053400976 524944605588395505 532234437123390034 539524268658384563 546814100193379092 554103931728373621 561393763263368150 568683594798362679 575973426333357208 583263257868351737 590553089403346266 597842920938340795 605132752473335324 612422584008329853 619712415543324382 627002247078318911 634292078613313440 641581910148307873 648871741683293185 656161573217402881 663451404667453441 670741228047826945 678030276739203073 685244955286831105 685320100034641921 
Case #60: 22876 160126 297333 434239 569038 689088 705895 
Case #61: 2 88 174 260 346 432 518 604 690 776 862 948 1034 1120 1206 1292 1378 1464 1550 1636 1722 1808 1894 1980 2066 2152 2238 2324 2410 2496 2582 2668 2754 2840 2926 3012 3098 3184 3270 3356 3442 3528 3614 3700 3786 3872 3958 4044 4130 4216 4302 4388 4474 4560 4646 4732 4818 4904 4990 5076 5162 5248 5334 5420 5506 5592 5678 5764 5850 5936 6022 6108 6194 6280 6366 6452 6538 6624 6710 6796 6882 6968 7054 7140 7141 
Case #62: 10204 1020305 2030406 3040507 4050608 5060709 6070810 7080911 8091012 9101113 10111214 11121315 12131416 13141517 14151618 15161719 16171820 17181921 18192022 19202123 20212224 21222325 22232426 23242527 24252628 25262729 26272830 27282931 28293032 29303133 30313234 31323335 32333436 33343537 34353638 35363739 36373840 37383941 38394042 39404143 40414244 41424345 42434446 43444547 44454648 45464749 46474850 47484951 48495052 49505153 50515254 51525355 52535456 53545557 54555658 55565759 56575860 57585961 58596062 59606163 60616264 61626365 62636466 63646567 64656668 65666769 66676870 67686971 68697072 69707173 70717274 71727375 72737476 73747577 74757678 75767779 76777880 77787981 78798082 79808183 80818284 81828385 82838486 83848587 84858688 85868789 86878890 87888991 88899092 89909193 90919294 91929395 92939496 93949597 94959698 95969799 96979900 97989901 98990001 99000001 
Case #63: 1 
Case #64: 325385257 16269262808 32213140359 48157017910 64100895461 80044773012 95988650563 111932528114 127876405665 143820283216 159764160767 175708038318 191651915869 207595793420 223539670971 239483548522 255427426073 271371303624 287315181175 303259058726 319202936277 335146813828 351090691379 367034568930 382978446481 398922324032 414866201583 430810079134 446753956685 462697834236 478641711787 494585589338 510529466889 526473344440 542417221991 558361099542 574304977093 590248854644 606192732195 622136609746 638080487297 654024364848 669968242399 685912119950 701855997451 717799872501 733743625001 749681250001 765312500001 765625000001 
Case #65: 2 97 192 287 382 477 572 667 762 857 952 1047 1142 1237 1332 1427 1522 1617 1712 1807 1902 1997 2092 2187 2282 2377 2472 2567 2662 2757 2852 2947 3042 3137 3232 3327 3422 3517 3612 3707 3802 3897 3992 4087 4182 4277 4372 4467 4562 4657 4752 4847 4942 5037 5132 5227 5322 5417 5512 5607 5702 5797 5892 5987 6082 6177 6272 6367 6462 6557 6652 6747 6842 6937 7032 7127 7222 7317 7412 7507 7602 7697 7792 7887 7982 8077 8172 8267 8362 8457 8552 8647 8742 8743 
Case #66: 28 109 177 193 
Case #67: 2 96 190 284 378 472 566 660 754 848 942 1036 1130 1224 1318 1412 1506 1600 1694 1788 1882 1976 2070 2164 2258 2352 2446 2540 2634 2728 2822 2916 3010 3104 3198 3292 3386 3480 3574 3668 3762 3856 3950 4044 4138 4232 4326 4420 4514 4608 4702 4796 4890 4984 5078 5172 5266 5360 5454 5548 5642 5736 5830 5924 6018 6112 6206 6300 6394 6488 6582 6676 6770 6864 6958 7052 7146 7240 7334 7428 7522 7616 7710 7804 7898 7992 8086 8180 8274 8368 8462 8556 8557 
Case #68: 44131407446 661971111687 1279810815928 1897650520169 2515490224410 3133329928636 3751169632651 4369009333501 4986848986876 5604687928126 6222516187501 6840184218751 7455448828126 8034662109376 8073105468751 
Case #69: 2758864 52418405 102077946 151737487 201397028 251056569 300716110 350375651 400035192 449694733 499354274 549013815 598673356 648332878 697992057 747644719 797173558 844349760 846825859 
Case #70: 2 32 62 92 122 152 182 212 242 272 302 332 362 392 422 452 482 512 542 572 602 632 662 692 722 752 782 812 813 
Case #71: 2 76 150 224 298 372 446 520 594 668 742 816 890 964 1038 1112 1186 1260 1334 1408 1482 1556 1630 1704 1778 1852 1926 2000 2074 2148 2222 2296 2370 2444 2518 2592 2666 2740 2814 2888 2962 3036 3110 3184 3258 3332 3406 3480 3554 3628 3702 3776 3850 3924 3998 4072 4146 4220 4294 4368 4442 4516 4590 4664 4738 4812 4886 4960 5034 5108 5182 5256 5257 
Case #72: 1 2 3 4 5 6 7 8 9 10 11 12 13 14 15 16 17 18 19 20 21 22 23 24 25 26 27 28 29 30 31 
Case #73: 12345679 123456790 234567891 345678901 456789001 567890001 678900001 789000001 890000001 900000001 
Case #74: 123456790 1234567891 2345678901 3456789001 4567890001 5678900001 6789000001 7890000001 8900000001 9000000001 
Case #75: 2286136885087 132595939334998 262905741784909 393215544234820 523525346684731 653835149134642 784144951584553 914454754034464 1044764556484375 1175074358934286 1305384161384197 1435693963834108 1566003766284019 1696313568733930 1826623371183841 1956933173633752 2087242976083663 2217552778533574 2347862580983485 2478172383433396 2608482185883307 2738791988333218 2869101790783129 2999411593233040 3129721395682951 3260031198132862 3390341000582773 3520650803032684 3650960605482595 3781270407932506 3911580210382417 4041890012832328 4172199815282239 4302509617732150 4432819420182061 4563129222631972 4693439025081883 4823748827531794 4954058629981705 5084368432431616 5214678234881527 5344988037331438 5475297839781349 5605607642231260 5735917444681171 5866227247131082 5996537049580993 6126846852030904 6257156654480815 6387466456930726 6517776259380579 6648086061827125 6778395864081865 6908705655211857 7039014801106465 7169286523348801 7297387673759361 7299595657926913 
Case #76: 2 69 136 203 270 337 404 471 538 605 672 739 806 873 940 1007 1074 1141 1208 1275 1342 1409 1476 1543 1610 1677 1744 1811 1878 1945 2012 2079 2146 2213 2280 2347 2414 2481 2548 2615 2682 2749 2816 2883 2950 3017 3084 3151 3218 3285 3352 3419 3486 3553 3620 3687 3754 3821 3888 3955 4022 4089 4156 4223 4290 4291 
Case #77: 1 
Case #78: 2 103 204 305 406 507 608 709 810 911 1012 1113 1214 1315 1416 1517 1618 1719 1820 1921 2022 2123 2224 2325 2426 2527 2628 2729 2830 2931 3032 3133 3234 3335 3436 3537 3638 3739 3840 3941 4042 4143 4244 4345 4446 4547 4648 4749 4850 4951 5052 5153 5254 5355 5456 5557 5658 5759 5860 5961 6062 6163 6264 6365 6466 6567 6668 6769 6870 6971 7072 7173 7274 7375 7476 7577 7678 7779 7880 7981 8082 8183 8284 8385 8486 8587 8688 8789 8890 8991 9092 9193 9294 9395 9496 9597 9698 9799 9900 9901 
Case #79: 1 2 3 4 5 6 7 8 9 10 11 12 13 14 15 16 17 18 19 20 21 22 23 24 25 26 27 28 29 30 31 32 33 34 35 36 37 38 39 40 41 42 43 44 45 46 47 48 49 50 51 52 53 54 55 56 57 58 59 60 61 62 63 64 65 66 67 68 69 70 71 72 73 74 75 76 77 78 
Case #80: 2 91 180 269 358 447 536 625 714 803 892 981 1070 1159 1248 1337 1426 1515 1604 1693 1782 1871 1960 2049 2138 2227 2316 2405 2494 2583 2672 2761 2850 2939 3028 3117 3206 3295 3384 3473 3562 3651 3740 3829 3918 4007 4096 4185 4274 4363 4452 4541 4630 4719 4808 4897 4986 5075 5164 5253 5342 5431 5520 5609 5698 5787 5876 5965 6054 6143 6232 6321 6410 6499 6588 6677 6766 6855 6944 7033 7122 7211 7300 7389 7478 7567 7656 7657 
Case #81: 1989806191 143266045688 284542285185 425818524682 567094764179 708371003676 849647243173 990923482670 1132199722167 1273475961664 1414752201161 1556028440658 1697304680155 1838580919652 1979857159149 2121133398646 2262409638143 2403685877640 2544962117137 2686238356634 2827514596131 2968790835628 3110067075125 3251343314622 3392619554119 3533895793616 3675172033113 3816448272610 3957724512107 4099000751604 4240276991101 4381553230598 4522829470095 4664105709592 4805381949089 4946658188586 5087934428083 5229210667580 5370486907077 5511763146574 5653039386071 5794315625568 5935591865065 6076868104562 6218144344059 6359420583556 6500696823053 6641973062550 6783249302047 6924525541544 7065801781041 7207078020538 7348354260035 7489630499532 7630906739029 7772182978526 7913459218023 8054735457520 8196011697017 8337287936514 8478564176011 8619840415508 8761116655005 8902392894502 9043669133999 9184945373496 9326221612921 9467497847233 9608773713409 9750023073793 9889364017153 9891298934785 
Case #82: 28 109 177 193 
Case #83: 2 3 
Case #84: 49 2212 4375 6538 8701 10864 13027 15190 17353 19516 21679 23842 26005 28168 30331 32494 34657 36820 38983 41146 43309 45472 47635 49798 51961 54124 56287 58450 60613 62776 64939 67102 69265 71428 73591 75754 77917 80080 82243 84406 86569 88732 90895 93058 95175 95221 
Case #85: 69036573603132 1656877766475157 3244718959347182 4832560152219207 6420401345091232 8008242537963257 9596083730835282 11183924923707307 12771766116579332 14359607309451357 15947448502323382 17535289695195407 19123130888067432 20710972080939433 22298813273810881 23886654466669057 25474495659208705 27062336844103681 28650177845526529 30238014443618305 31825745361764353 33410939961212929 34935262911922177 34998666292887553 
Case #86: 2 3 
Case #87: 268822560488 21505804838969 42742787117450 63979769395931 85216751674412 106453733952893 127690716231374 148927698509855 170164680788336 191401663066817 212638645345298 233875627623779 255112609902260 276349592180741 297586574459222 318823556737703 340060539016184 361297521294665 382534503573146 403771485851627 425008468130108 446245450408589 467482432687070 488719414965551 509956397244032 531193379522513 552430361800994 573667344079475 594904326357956 616141308636437 637378290914918 658615273193399 679852255471880 701089237750361 722326220028842 743563202307323 764800184585804 786037166864285 807274149142766 828511131421247 849748113699728 870985095978209 892222078256690 913459060535171 934696042813652 955933025092133 977170007370614 998406989649095 1019643971927576 1040880954206057 1062117936484538 1083354918763019 1104591901041500 1125828883319981 1147065865598462 1168302847876943 1189539830155424 1210776812433905 1232013794712386 1253250776990867 1274487759269348 1295724741547829 1316961723826310 1338198706104791 1359435688383272 1380672670661753 1401909652940234 1423146635218715 1444383617497196 1465620599775677 1486857582054158 1508094564332639 1529331546611120 1550568528889521 1571805511161601 1593042492928001 1614279434240001 1635513139200001 1656487936000001 1656750080000001 
Case #88: 2 3 
Case #89: 123456790 1234567891 2345678901 3456789001 4567890001 5678900001 6789000001 7890000001 8900000001 9000000001 
Case #90: 1852 77747 153642 229537 305432 381327 457222 533117 609012 684907 760802 836697 912592 988487 1064382 1140277 1216172 1292067 1367962 1443857 1519752 1595647 1671542 1747437 1823332 1899227 1975122 2051017 2126912 2202807 2278702 2354597 2430492 2506387 2582282 2658177 2734072 2809967 2885862 2961715 3035845 3037609 
Case #91: 623749 8732480 16841211 24949942 33058673 41167404 49276135 57384866 65493583 73602117 81708089 89778193 97346145 97883969 
Case #92: 94288 1602886 3111484 4620082 6128680 7637278 9145876 10654474 12163072 13671670 15180268 16688866 18197447 19705755 21209422 22634192 22717713 
Case #93: 364 6539 12714 18889 25064 31239 37414 43589 49764 55939 62114 68289 74464 80639 86814 92971 98821 99145 
Case #94: 1 2 3 4 5 6 7 8 9 10 11 12 13 14 15 16 17 18 19 20 21 22 23 24 25 26 27 28 29 30 31 32 33 34 35 36 37 38 39 40 41 42 43 44 45 46 47 48 49 50 51 52 53 54 55 56 57 58 59 60 61 62 63 64 65 66 67 68 69 70 71 72 73 74 75 76 77 78 79 80 81 82 83 84 85 86 87 88 89 90 91 92 93 94 95 96 97 98 99 100 
Case #95: 16473631310453 1268469610904814 2520465590499175 3772461570093536 5024457549687897 6276453529282258 7528449508876619 8780445488470980 10032441468065341 11284437447659702 12536433427254063 13788429406848424 15040425386442785 16292421366037146 17544417345631507 18796413325225868 20048409304820229 21300405284414590 22552401264008951 23804397243603312 25056393223197673 26308389202792034 27560385182386395 28812381161980756 30064377141575117 31316373121169478 32568369100763839 33820365080358200 35072361059952561 36324357039546922 37576353019141283 38828348998735644 40080344978330005 41332340957924366 42584336937518727 43836332917113088 45088328896707449 46340324876301810 47592320855896171 48844316835490532 50096312815084893 51348308794679254 52600304774273615 53852300753867976 55104296733462337 56356292713056698 57608288692651059 58860284672245420 60112280651839781 61364276631434142 62616272611028503 63868268590622864 65120264570217225 66372260549811586 67624256529405947 68876252509000308 70128248488594669 71380244468189030 72632240447783391 73884236427377752 75136232406972113 76388228386566474 77640224366160835 78892220345755196 80144216325349557 81396212304943918 82648208284538279 83900204264132640 85152200243727001 86404196223321285 87656192202909716 88908188182047466 90160184126482779 91412177398830443 92663964920429134 93899909634356904 93915958157623757 
Case #96: 1235 12346 23457 34568 45679 56790 67891 78901 89001 90001 
Case #97: 1 
Case #98: 1 2 3 4 5 6 
Case #99: 19563066 1291162297 2562761528 3834360759 5105959990 6377559221 7649158452 8920757683 10192356914 11463956145 12735555376 14007154607 15278753838 16550353069 17821952300 19093551531 20365150762 21636749993 22908349224 24179948455 25451547686 26723146917 27994746148 29266345379 30537944610 31809543841 33081143072 34352742303 35624341534 36895940765 38167539996 39439139227 40710738458 41982337689 43253936920 44525536151 45797135382 47068734613 48340333844 49611933075 50883532306 52155131537 53426730768 54698329999 55969929230 57241528461 58513127692 59784726923 61056326154 62327925385 63599524616 64871123847 66142723078 67414322309 68685921540 69957520771 71229120002 72500719233 73772318464 75043917695 76315516926 77587116091 78858710965 80130022633 81382642705 81401617441 
Case #100: 528889637573 24857812965894 49186736294215 73515659622536 97844582950857 122173506279178 146502429607499 170831352935820 195160276264141 219489199592462 243818122920783 268147046249104 292475969577425 316804892905746 341133816234067 365462739562388 389791662890709 414120586219030 438449509547351 462778432875672 487107356203993 511436279532314 535765202860635 560094126188956 584423049517277 608751972845598 633080896173919 657409819502240 681738742830561 706067666158882 730396589487203 754725512815524 779054436143845 803383359472166 827712282800487 852041206128808 876370129457129 900699052785450 925027976113771 949356899442045 973685822768156 998014745992606 1022343664438989 1046672358316223 1070990497443454 1094812563320544 1095319186441007 
