Case #1: IMPOSSIBLE
Case #2: 1 
Case #3: 1 2 
Case #4: 2 6 7 
Case #5: 26 579 1132 1685 2238 2791 3344 3897 4450 5003 5556 6109 6662 7215 7768 8321 8874 9427 9980 10533 11086 11616 11639 
Case #6: 76440240 7108942234 14141444228 21173946222 28206448216 35238950210 42271452204 49303954198 56336456192 63368958186 70401460180 77433962174 84466464168 91498966162 98531468156 105563970150 112596472144 119628974138 126661476132 133693978126 140726480120 147758982114 154791484108 161823986102 168856488096 175888990090 182921492084 189953994078 196986496072 204018998066 211051500060 218084002054 225116504048 232149006042 239181508036 246214010030 253246512024 260279014018 267311516012 274344018006 281376520000 288409021994 295441523988 302474025982 309506527976 316539029970 323571531964 330604033958 337636535952 344669037946 351701539940 358734041934 365766543928 372799045922 379831547916 386864049910 393896551904 400929053898 407961555892 414994057886 422026559880 429059061874 436091563868 443124065862 450156567856 457189069850 464221571844 471254073838 478286575832 485319077826 492351579820 499384081814 506416583808 513449085802 520481587796 527514089790 534546591784 541579093778 548611595772 555644097766 562676599760 569709101754 576741603748 583774105742 590806607736 597839109730 604871611724 611904113718 618936615619 625969108963 633000806506 639958494556 640033299757 
Case #7: 1 
Case #8: 795897 73222438 145648979 218075520 290502061 362928602 435355143 507781684 580208225 652634766 725061307 797487848 869914389 942340930 1014767471 1087194012 1159620553 1232047094 1304473635 1376900176 1449326717 1521753258 1594179799 1666606340 1739032881 1811459422 1883885963 1956312504 2028739045 2101165586 2173592127 2246018668 2318445209 2390871750 2463298291 2535724832 2608151373 2680577914 2753004455 2825430996 2897857537 2970284078 3042710619 3115137160 3187563701 3259990242 3332416783 3404843324 3477269865 3549696406 3622122947 3694549488 3766976029 3839402570 3911829111 3984255652 4056682193 4129108734 4201535275 4273961816 4346388357 4418814898 4491241439 4563667980 4636094521 4708521062 4780947603 4853374144 4925800685 4998227226 5070653767 5143080308 5215506849 5287933390 5360359931 5432786472 5505213013 5577639554 5650066095 5722492636 5794919177 5867345718 5939772259 6012198800 6084625341 6157051882 6229478423 6301904964 6374331413 6446749489 6518397249 6519175937 
Case #9: 2 3 
Case #10: 222033484167159 5994904072513279 11767774660859399 17540645249205519 23313515837551639 29086386425897759 34859257014243879 40632127602589999 46404998190936119 52177868779282239 57950739367628359 63723609955974479 69496480544320599 75269351132666719 81042221721012839 86815092309358959 92587962897705052 98360833486050442 104133704074376851 109906574662190773 115679445236167546 121452315436541296 127225175549633425 132997763306121787 138762997434308440 144329683598348950 144535574730443599 
Case #11: 1 2 3 4 
Case #12: 2 3 
Case #13: 6 16 19 
Case #14: 1 2 3 4 5 6 7 8 9 10 11 12 13 14 15 16 17 18 19 20 21 22 23 24 25 26 27 28 29 30 31 32 33 34 35 36 37 38 39 40 41 42 43 44 45 46 47 48 49 50 51 52 53 54 55 56 57 58 59 60 61 62 63 64 65 66 67 68 69 70 71 72 73 74 75 76 77 78 79 80 81 82 83 84 85 86 87 88 89 90 91 92 93 94 95 
Case #15: 28 109 177 193 
Case #16: 1 
Case #17: 1296932067758066 23344777219645185 45392622371532304 67440467523419423 89488312675306542 111536157827193643 133584002979080437 155631848130961705 177679693282743505 199727538432734881 221775383550498625 243823228088164993 265871062184078593 287918708328442369 309962971344909313 331946338059233281 352833571334983681 353990402716409857 
Case #18: 6 16 19 
Case #19: 6 16 19 
Case #20: 268822560488 21505804838969 42742787117450 63979769395931 85216751674412 106453733952893 127690716231374 148927698509855 170164680788336 191401663066817 212638645345298 233875627623779 255112609902260 276349592180741 297586574459222 318823556737703 340060539016184 361297521294665 382534503573146 403771485851627 425008468130108 446245450408589 467482432687070 488719414965551 509956397244032 531193379522513 552430361800994 573667344079475 594904326357956 616141308636437 637378290914918 658615273193399 679852255471880 701089237750361 722326220028842 743563202307323 764800184585804 786037166864285 807274149142766 828511131421247 849748113699728 870985095978209 892222078256690 913459060535171 934696042813652 955933025092133 977170007370614 998406989649095 1019643971927576 1040880954206057 1062117936484538 1083354918763019 1104591901041500 1125828883319981 1147065865598462 1168302847876943 1189539830155424 1210776812433905 1232013794712386 1253250776990867 1274487759269348 1295724741547829 1316961723826310 1338198706104791 1359435688383272 1380672670661753 1401909652940234 1423146635218715 1444383617497196 1465620599775677 1486857582054158 1508094564332639 1529331546611120 1550568528889521 1571805511161601 1593042492928001 1614279434240001 1635513139200001 1656487936000001 1656750080000001 
Case #21: 1 
Case #22: 2 71 140 209 278 347 416 485 554 623 692 761 830 899 968 1037 1106 1175 1244 1313 1382 1451 1520 1589 1658 1727 1796 1865 1934 2003 2072 2141 2210 2279 2348 2417 2486 2555 2624 2693 2762 2831 2900 2969 3038 3107 3176 3245 3314 3383 3452 3521 3590 3659 3728 3797 3866 3935 4004 4073 4142 4211 4280 4349 4418 4487 4556 4557 
Case #23: 1 
Case #24: 7 28 45 49 
Case #25: 195 971 1726 2376 2501 
Case #26: 214416 4502722 8791028 13079334 17367640 21655946 25944252 30232558 34520864 38809170 43097476 47385782 51674088 55962394 60250700 64539006 68827291 73115155 77394178 81487540 81682021 
Case #27: 3847 234611 465375 696139 926903 1157667 1388431 1619195 1849959 2080723 2311487 2542251 2773015 3003779 3234543 3465307 3696071 3926835 4157599 4388363 4619127 4849891 5080655 5311419 5542183 5772947 6003711 6234475 6465239 6696003 6926767 7157531 7388295 7619059 7849823 8080587 8311351 8542115 8772879 9003643 9234407 9465171 9695935 9926699 10157463 10388227 10618991 10849755 11080519 11311283 11542047 11772811 12003575 12234339 12465103 12695867 12926631 13157395 13388098 13615140 13618861 
Case #28: 172675939 7597741280 15022806621 22447871962 29872937303 37298002644 44723067985 52148133326 59573198667 66998264008 74423329349 81848394690 89273460031 96698525372 104123590713 111548656054 118973721395 126398786736 133823852077 141248917418 148673982759 156099048100 163524113441 170949178782 178374244123 185799309464 193224374805 200649440146 208074505487 215499570828 222924636169 230349701510 237774766851 245199832192 252624897533 260049962874 267475028215 274900093556 282325158853 289750222257 297175202369 304596517633 311856579585 312021495809 
Case #29: 1 
Case #30: 1 
Case #31: 24 487 950 1413 1876 2339 2802 3265 3728 4191 4654 5117 5580 6043 6506 6969 7432 7895 8358 8800 8821 
Case #32: 1 2 3 4 5 6 7 8 9 10 11 12 13 14 15 16 17 18 19 20 21 22 23 24 25 26 27 28 29 30 31 32 
Case #33: 1 2 3 4 5 6 7 8 9 10 11 12 13 14 15 16 17 18 19 20 21 22 23 24 25 26 27 28 29 30 31 32 33 34 35 36 37 38 39 40 41 42 43 44 45 46 47 48 49 50 51 52 53 54 55 56 57 58 59 60 61 62 63 64 65 66 67 68 69 70 71 72 73 74 75 76 77 78 79 80 81 82 83 84 85 86 87 88 89 90 91 92 93 94 95 96 97 98 99 100 
Case #34: 2579 33520 64461 95402 126343 157284 188225 219166 250107 281035 311806 340536 342733 
Case #35: 1 2 3 4 5 6 7 8 9 10 11 12 13 14 15 16 17 18 19 20 21 22 23 24 25 26 27 28 29 30 31 32 33 34 35 36 37 38 39 40 41 42 43 44 45 46 47 48 49 50 51 52 53 54 55 56 57 58 59 60 61 62 63 64 65 66 67 68 69 70 71 72 73 74 75 76 77 
Case #36: 77794143773 5056619345189 10035444546605 15014269748021 19993094949437 24971920150853 29950745352269 34929570553685 39908395755101 44887220956517 49866046157933 54844871359349 59823696560765 64802521762181 69781346963597 74760172165013 79738997366429 84717822567845 89696647769261 94675472970677 99654298172093 104633123373509 109611948574925 114590773776341 119569598977757 124548424179173 129527249380589 134506074582005 139484899783421 144463724984837 149442550186253 154421375387669 159400200589085 164379025790501 169357850991917 174336676193333 179315501394749 184294326596165 189273151797581 194251976998997 199230802200413 204209627401829 209188452603245 214167277804661 219146103006077 224124928207493 229103753408909 234082578610325 239061403811741 244040229013157 249019054214573 253997879415989 258976704617405 263955529818821 268934355020237 273913180221653 278892005423069 283870830624485 288849655825836 293828481023026 298807305949751 303786113296251 308763777928126 313667166109376 313742585000001 
Case #37: 335466937132 4696537119847 9057607302562 13418677485263 17779747667781 22140817847737 26501887991825 30862957633761 35224020245569 39584984435585 43944570720513 48284866334209 52355092550657 52644347205633 
Case #38: 195 971 1726 2376 2501 
Case #39: 804182707 48250962368 95697742029 143144521690 190591301351 238038081012 285484860673 332931640334 380378419995 427825199656 475271979317 522718758978 570165538639 617612318300 665059097961 712505877622 759952657283 807399436944 854846216605 902292996266 949739775927 997186555588 1044633335249 1092080114910 1139526894571 1186973674232 1234420453893 1281867233554 1329314013215 1376760792876 1424207572537 1471654352198 1519101131859 1566547911520 1613994691181 1661441470842 1708888250503 1756335030164 1803781809825 1851228589486 1898675369147 1946122148808 1993568928469 2041015708130 2088462487791 2135909267452 2183356047113 2230802826774 2278249606435 2325696386096 2373143165757 2420589945418 2468036725079 2515483504740 2562930284341 2610377060401 2657823624001 2705257440001 2751926400001 2752704000001 
Case #40: 342392 2739129 5135809 7532033 9924609 12288001 14417921 14680065 
Case #41: 148943500129544 2234152501943160 4319361503756761 6404570505570151 8489779507380376 10574988509143126 12660197510193751 14745406500562501 16830615330703126 18915821757421876 21000992132812501 23085621738281251 25162139794921876 27116984619140626 27246730957031251 
Case #42: 1 
Case #43: 259 3875 7491 11107 14723 18339 21955 25571 29187 32803 36419 40035 43636 47026 47251 
Case #44: 102030405060709 10203040506070810 20304050607080911 30405060708091012 40506070809101113 50607080910111214 60708091011121315 70809101112131416 80910111213141517 91011121314151618 101112131415161719 111213141516171820 121314151617181921 131415161718192022 141516171819202123 151617181920212224 161718192021222325 171819202122232426 181920212223242527 192021222324252628 202122232425262729 212223242526272830 222324252627282931 232425262728293032 242526272829303133 252627282930313234 262728293031323335 272829303132333436 282930313233343537 293031323334353638 303132333435363739 313233343536373840 323334353637383941 333435363738394042 343536373839404143 353637383940414244 363738394041424345 373839404142434446 383940414243444547 394041424344454648 404142434445464749 414243444546474850 424344454647484951 434445464748495052 444546474849505153 454647484950515254 464748495051525355 474849505152535456 484950515253545557 495051525354555658 505152535455565759 515253545556575860 525354555657585961 535455565758596062 545556575859606163 555657585960616264 565758596061626365 575859606162636466 585960616263646567 596061626364656668 606162636465666769 616263646566676870 626364656667686971 636465666768697072 646566676869707173 656667686970717274 666768697071727375 676869707172737476 686970717273747577 697071727374757678 707172737475767779 717273747576777880 727374757677787981 737475767778798082 747576777879808183 757677787980818284 767778798081828385 777879808182838486 787980818283848587 798081828384858688 808182838485868789 818283848586878890 828384858687888991 838485868788899092 848586878889909193 858687888990919294 868788899091929395 878889909192939496 888990919293949597 899091929394959698 909192939495969799 919293949596979900 929394959697989901 939495969798990001 949596979899000001 959697989900000001 969798990000000001 979899000000000001 989900000000000001 990000000000000001 
Case #45: 36084208 2778483946 5520883684 8263283422 11005683160 13748082898 16490482636 19232882374 21975282112 24717681850 27460081588 30202481326 32944881064 35687280802 38429680540 41172080278 43914480016 46656879754 49399279492 52141679230 54884078968 57626478706 60368878444 63111278182 65853677920 68596077658 71338477396 74080877134 76823276872 79565676610 82308076348 85050476086 87792875824 90535275562 93277675300 96020075038 98762474776 101504874514 104247274252 106989673990 109732073728 112474473466 115216873204 117959272942 120701672680 123444072418 126186472156 128928871894 131671271632 134413671370 137156071108 139898470846 142640870584 145383270322 148125670060 150868069798 153610469536 156352869274 159095269012 161837668750 164580068488 167322468226 170064867964 172807267702 175549667440 178292067178 181034466916 183776866654 186519266392 189261666130 192004065868 194746465606 197488865267 200231259075 202973202202 205680442892 205715595933 
Case #46: 1 2 3 4 5 6 7 8 9 10 11 12 13 14 15 16 17 18 19 20 21 22 23 24 25 26 27 
Case #47: 6379765672 580558676069 1154737586466 1728916496863 2303095407260 2877274317657 3451453228054 4025632138451 4599811048848 5173989959245 5748168869642 6322347780039 6896526690436 7470705600833 8044884511230 8619063421627 9193242332024 9767421242421 10341600152818 10915779063215 11489957973612 12064136884009 12638315794406 13212494704803 13786673615200 14360852525597 14935031435994 15509210346391 16083389256788 16657568167185 17231747077582 17805925987979 18380104898376 18954283808773 19528462719170 20102641629567 20676820539964 21250999450361 21825178360758 22399357271155 22973536181552 23547715091949 24121894002346 24696072912743 25270251823140 25844430733537 26418609643934 26992788554331 27566967464728 28141146375125 28715325285522 29289504195919 29863683106316 30437862016713 31012040927110 31586219837507 32160398747904 32734577658301 33308756568698 33882935479095 34457114389492 35031293299889 35605472210286 36179651120683 36753830031080 37328008941477 37902187851874 38476366762271 39050545672668 39624724583065 40198903493462 40773082403859 41347261314256 41921440224653 42495619135050 43069798045447 43643976955844 44218155866241 44792334776638 45366513687035 45940692597432 46514871507829 47089050418226 47663229328623 48237408239020 48811587149326 49385766051441 49959944208175 50534054535238 51101992362240 51108232683691 
Case #48: 1 
Case #49: 475141398872 41812443100657 83149744802442 124487046504227 165824348206012 207161649907797 248498951609582 289836253311367 331173555013152 372510856714937 413848158416722 455185460118507 496522761820292 537860063522077 579197365223862 620534666925647 661871968627432 703209270329217 744546572031002 785883873732787 827221175434572 868558477136357 909895778838142 951233080539927 992570382241712 1033907683943497 1075244985645282 1116582287347067 1157919589048852 1199256890750637 1240594192452422 1281931494154207 1323268795855992 1364606097557777 1405943399259562 1447280700961347 1488618002663132 1529955304364917 1571292606066702 1612629907768487 1653967209470272 1695304511172057 1736641812873842 1777979114575627 1819316416277412 1860653717979197 1901991019680982 1943328321382767 1984665623084552 2026002924786337 2067340226488122 2108677528189907 2150014829891692 2191352131593477 2232689433295262 2274026734997047 2315364036698832 2356701338400617 2398038640102402 2439375941804187 2480713243505972 2522050545207757 2563387846909542 2604725148611327 2646062450313112 2687399752014897 2728737053716682 2770074355418467 2811411657120252 2852748958822037 2894086260523822 2935423562225607 2976760863927392 3018098165629177 3059435467330962 3100772769032747 3142110070734532 3183447372436317 3224784674138102 3266121975839887 3307459277541672 3348796579243369 3390133880937409 3431471181957633 3472808423682049 3514140447375361 3555013284331521 3555477688418305 
Case #50: 123456790 1234567891 2345678901 3456789001 4567890001 5678900001 6789000001 7890000001 8900000001 9000000001 
Case #51: 6 16 19 
Case #52: 505763 39955204 79404645 118854086 158303527 197752968 237202409 276651850 316101291 355550732 395000173 434449614 473899055 513348496 552797937 592247378 631696819 671146260 710595701 750045142 789494583 828944024 868393465 907842906 947292347 986741788 1026191229 1065640670 1105090111 1144539552 1183988993 1223438434 1262887875 1302337316 1341786757 1381236198 1420685639 1460135080 1499584521 1539033962 1578483403 1617932844 1657382285 1696831726 1736281167 1775730608 1815180049 1854629490 1894078931 1933528372 1972977813 2012427254 2051876695 2091326136 2130775577 2170225018 2209674459 2249123900 2288573341 2328022782 2367472223 2406921664 2446371105 2485820546 2525269987 2564719428 2604168869 2643618310 2683067751 2722517192 2761966633 2801416074 2840865515 2880314956 2919764397 2959213759 2998656958 3037613280 3038106319 
Case #53: 204613708997 8389162068846 16573710428695 24758258788544 32942807148393 41127355508242 49311903868091 57496452227940 65681000587789 73865548947638 82050097307487 90234645667336 98419194027185 106603742387034 114788290746883 122972839106732 131157387466581 139341935826430 147526484186279 155711032546128 163895580905977 172080129265826 180264677625675 188449225985524 196633774345373 204818322705222 213002871065071 221187419424920 229371967784769 237556516144618 245741064504467 253925612864316 262110161224165 270294709583973 278479257942140 286663806233026 294848351765391 303032784198395 311212579557598 319202254890960 319397009164841 
Case #54: 85216711544 5624302961847 11163389212150 16702475462453 22241561712756 27780647963059 33319734213362 38858820463665 44397906713968 49936992964271 55476079214574 61015165464877 66554251715180 72093337965483 77632424215786 83171510466089 88710596716392 94249682966695 99788769216998 105327855467301 110866941717604 116406027967907 121945114218210 127484200468513 133023286718816 138562372969119 144101459219422 149640545469725 155179631720028 160718717970331 166257804220634 171796890470937 177335976721240 182875062971543 188414149221846 193953235472149 199492321722452 205031407972755 210570494223058 216109580473361 221648666723664 227187752973967 232726839224270 238265925474573 243805011724876 249344097975179 254883184225482 260422270475785 265961356726088 271500442976391 277039529226694 282578615476997 288117701727300 293656787977603 299195874227906 304734960478209 310274046728512 315813132978815 321352219229118 326891305479355 332430391725301 337969477688041 343508544959185 349046378584993 354502791618625 354585445568641 
Case #55: 28 109 177 193 
Case #56: 10204 1020305 2030406 3040507 4050608 5060709 6070810 7080911 8091012 9101113 10111214 11121315 12131416 13141517 14151618 15161719 16171820 17181921 18192022 19202123 20212224 21222325 22232426 23242527 24252628 25262729 26272830 27282931 28293032 29303133 30313234 31323335 32333436 33343537 34353638 35363739 36373840 37383941 38394042 39404143 40414244 41424345 42434446 43444547 44454648 45464749 46474850 47484951 48495052 49505153 50515254 51525355 52535456 53545557 54555658 55565759 56575860 57585961 58596062 59606163 60616264 61626365 62636466 63646567 64656668 65666769 66676870 67686971 68697072 69707173 70717274 71727375 72737476 73747577 74757678 75767779 76777880 77787981 78798082 79808183 80818284 81828385 82838486 83848587 84858688 85868789 86878890 87888991 88899092 89909193 90919294 91929395 92939496 93949597 94959698 95969799 96979900 97989901 98990001 99000001 
Case #57: 202019 11717050 23232081 34747112 46262143 57777174 69292205 80807236 92322267 103837298 115352329 126867360 138382391 149897422 161412453 172927484 184442515 195957546 207472577 218987608 230502639 242017670 253532701 265047732 276562763 288077794 299592825 311107856 322622887 334137918 345652949 357167980 368683011 380198042 391713073 403228104 414743135 426258166 437773197 449288228 460803259 472318290 483833321 495348352 506863383 518378414 529893445 541408476 552923507 564438538 575953569 587468600 598983631 610498662 622013635 633525301 644845161 645040273 
Case #58: 1895663686006 64452565324181 127009466962356 189566368600531 252123270238706 314680171876881 377237073515056 439793975153231 502350876791406 564907778429581 627464680067756 690021581705931 752578483344106 815135384982281 877692286620456 940249188258631 1002806089896806 1065362991534981 1127919893173156 1190476794811331 1253033696449506 1315590598087681 1378147499725856 1440704401364031 1503261303002206 1565818204640347 1628375106277365 1690932007876201 1753488908176849 1816045764339105 1878601119796033 1941105451271809 2001874967388417 2003660761293313 
Case #59: 3924454 172675939 341427424 510178909 678930394 847681879 1016433364 1185184849 1353936334 1522687819 1691439304 1860190789 2028942274 2197693759 2366445244 2535196729 2703948214 2872699699 3041451184 3210202669 3378954154 3547705639 3716457124 3885208609 4053960094 4222711579 4391463064 4560214549 4728966034 4897717519 5066469004 5235220489 5403971974 5572723459 5741474944 5910226429 6078977914 6247729399 6416480884 6585232325 6753981873 6922648129 7087649537 7091397633 
Case #60: 2 76 150 224 298 372 446 520 594 668 742 816 890 964 1038 1112 1186 1260 1334 1408 1482 1556 1630 1704 1778 1852 1926 2000 2074 2148 2222 2296 2370 2444 2518 2592 2666 2740 2814 2888 2962 3036 3110 3184 3258 3332 3406 3480 3554 3628 3702 3776 3850 3924 3998 4072 4146 4220 4294 4368 4442 4516 4590 4664 4738 4812 4886 4960 5034 5108 5182 5256 5257 
Case #61: 6 16 19 
Case #62: 215218597 9900055424 19584892251 29269729078 38954565905 48639402732 58324239559 68009076386 77693913213 87378750040 97063586867 106748423694 116433260521 126118097348 135802934175 145487771002 155172607829 164857444656 174542281483 184227118310 193911955137 203596791964 213281628791 222966465618 232651302445 242336139272 252020976099 261705812926 271390649753 281075486580 290760323407 300445160234 310129997061 319814833888 329499670715 339184507542 348869344369 358554181196 368239018023 377923854850 387608691631 397293526341 406978265785 416658622993 426137397345 426343360321 
Case #63: 2812 146177 289542 432907 576272 719637 863002 1006367 1149732 1293097 1436462 1579827 1723192 1866557 2009922 2153287 2296652 2440017 2583382 2726747 2870112 3013477 3156842 3300207 3443572 3586937 3730302 3873667 4017032 4160397 4303762 4447127 4590492 4733857 4877222 5020587 5163952 5307317 5450682 5594047 5737412 5880777 6024142 6167507 6310872 6454237 6597602 6740967 6884332 7027645 7168305 7171009 
Case #64: 55995466 4815609997 9575224528 14334839059 19094453590 23854068121 28613682652 33373297183 38132911714 42892526245 47652140776 52411755307 57171369838 61930984369 66690598900 71450213431 76209827962 80969442493 85729057024 90488671555 95248286086 100007900617 104767515148 109527129679 114286744210 119046358741 123805973272 128565587803 133325202334 138084816865 142844431396 147604045927 152363660458 157123274989 161882889520 166642504051 171402118582 176161733113 180921347644 185680962175 190440576706 195200191237 199959805768 204719420299 209479034830 214238649361 218998263892 223757878423 228517492954 233277107485 238036722016 242796336547 247555951078 252315565609 257075180140 261834794671 266594409202 271354023733 276113638264 280873252795 285632867326 290392481857 295152096388 299911710919 304671325450 309430939981 314190554512 318950169043 323709783574 328469398105 333229012636 337988627167 342748241698 347507856229 352267470760 357027085291 361786699822 366546314353 371305928884 376065543415 380825157946 385584772391 390344379525 395103357913 399808264145 399862964961 
Case #65: 7874976174 133874594952 259874213730 385873832508 511873451286 637873070064 763872688842 889872307620 1015871926381 1141871544869 1267871158716 1393870693666 1519868887367 1645844279835 1771432051342 1890430266512 1897406023953 
Case #66: 37490943828267 1199710202504524 2361929461180781 3524148719857038 4686367978533295 5848587237209552 7010806495885809 8173025754562066 9335245013238323 10497464271914580 11659683530590837 12821902789267094 13984122047943351 15146341306619608 16308560565295865 17470779823972122 18632999082648379 19795218341324636 20957437600000893 22119656858677150 23281876117353407 24444095376029664 25606314634705889 26768533893381121 27930753152024577 29092972409651201 30255191634739201 31417409818591233 32579594682892289 33740713321562113 34867712740032513 34902897112121345 
Case #67: 2302946864 82906087077 163509227290 244112367503 324715507716 405318647929 485921788142 566524928355 647128068568 727731208781 808334348994 888937489207 969540629420 1050143769633 1130746909846 1211350050059 1291953190272 1372556330485 1453159470698 1533762610911 1614365751124 1694968891337 1775572031550 1856175171763 1936778311976 2017381452189 2097984592402 2178587732615 2259190872828 2339794013005 2420397151921 2501000245441 2581601704705 2662144330753 2740568961025 2742745743361 
Case #68: 193011082 8685498653 17177986224 25670473795 34162961366 42655448937 51147936508 59640424079 68132911650 76625399221 85117886792 93610374363 102102861934 110595349505 119087837076 127580324647 136072812218 144565299789 153057787360 161550274931 170042762502 178535250073 187027737644 195520225215 204012712786 212505200357 220997687928 229490175499 237982663070 246475150641 254967638212 263460125783 271952613354 280445100925 288937588496 297430076067 305922563638 314415051209 322907538780 331400026306 339892511851 348384908251 356873293126 365181159376 365365687501 
Case #69: 1 
Case #70: 1 2 3 4 5 6 7 8 9 10 11 12 13 14 15 16 17 18 19 20 21 22 23 24 25 26 27 28 29 30 31 32 33 34 35 36 37 38 39 40 41 42 43 44 45 46 47 48 49 50 51 52 53 54 
Case #71: 305419897 4886718346 9468016795 14049315244 18630613693 23211912142 27793210591 32374509040 36955807473 41537105665 46118400001 50699632641 55279878145 59844329473 64156073985 64424509441 
Case #72: 2 3 
Case #73: 28 109 177 193 
Case #74: 334300616285 14709227116506 29084153616727 43459080116948 57834006617169 72208933117390 86583859617611 100958786117832 115333712618053 129708639118274 144083565618495 158458492118716 172833418618937 187208345119158 201583271619379 215958198119600 230333124619821 244708051120042 259082977620263 273457904120484 287832830620705 302207757120926 316582683621147 330957610121368 345332536621589 359707463121810 374082389622031 388457316122252 402832242622473 417207169122694 431582095622915 445957022123136 460331948623357 474706875123578 489081801623799 503456728124020 517831654624197 532206581122481 546581507537473 560956430287617 575331191784449 589698858135553 603754338074625 604073615884289 
Case #75: 2 7 12 13 
Case #76: 1 
Case #77: 2 3 
Case #78: 75 5332 10589 15846 21103 26360 31617 36874 42131 47388 52645 57902 63159 68416 73673 78930 84187 89444 94701 99958 105215 110472 115729 120986 126243 131500 136757 142014 147271 152528 157785 163042 168299 173556 178813 184070 189327 194584 199841 205098 210355 215612 220869 226126 231383 236640 241897 247154 252411 257668 262925 268182 273439 278696 283953 289210 294467 299724 304981 310238 315495 320752 326009 331266 336523 341780 347037 352294 357551 362808 367993 368065 
Case #79: 103 10204 20305 30406 40507 50608 60709 70810 80911 91012 101113 111214 121315 131416 141517 151618 161719 171820 181921 192022 202123 212224 222325 232426 242527 252628 262729 272830 282931 293032 303133 313234 323335 333436 343537 353638 363739 373840 383941 394042 404143 414244 424345 434446 444547 454648 464749 474850 484951 495052 505153 515254 525355 535456 545557 555658 565759 575860 585961 596062 606163 616264 626365 636466 646567 656668 666769 676870 686971 697072 707173 717274 727375 737476 747577 757678 767779 777880 787981 798082 808183 818284 828385 838486 848587 858688 868789 878890 888991 899092 909193 919294 929395 939496 949597 959698 969799 979900 989901 990001 
Case #80: 38689757941039 657725884997660 1276762012054281 1895798139110902 2514834266167523 3133870393224127 3752906520280458 4371942647332148 4990978774304941 5610014899936485 6229051002766796 6848086717976146 7467115843629159 8086032946824443 8703045668238334 9287683899368544 9321955795676177 
Case #81: 334963151717 27801941592437 55268920033157 82735898473877 110202876914597 137669855355317 165136833796037 192603812236757 220070790677477 247537769118197 275004747558917 302471725999637 329938704440357 357405682881077 384872661321797 412339639762517 439806618203237 467273596643957 494740575084677 522207553525397 549674531966117 577141510406837 604608488847557 632075467288277 659542445728997 687009424169717 714476402610437 741943381051157 769410359491877 796877337932597 824344316373317 851811294814037 879278273254757 906745251695477 934212230136197 961679208576917 989146187017637 1016613165458357 1044080143899077 1071547122339797 1099014100780517 1126481079221237 1153948057661957 1181415036102677 1208882014543397 1236348992984117 1263815971424837 1291282949865557 1318749928306277 1346216906746997 1373683885187717 1401150863628437 1428617842069157 1456084820509877 1483551798950597 1511018777391317 1538485755832037 1565952734272757 1593419712713477 1620886691154197 1648353669594917 1675820648035637 1703287626476357 1730754604917077 1758221583357797 1785688561798517 1813155540239237 1840622518679957 1868089497120677 1895556475561397 1923023454002117 1950490432442837 1977957410883557 2005424389324277 2032891367764997 2060358346205717 2087825324646354 2115292303080184 2142759280949033 2170226211924459 2197689250745776 2224829240776046 2225156181149415 
Case #82: 2 3 
Case #83: 1 2 3 
Case #84: 6 16 19 
Case #85: 12346 123457 234568 345679 456790 567891 678901 789001 890001 900001 
Case #86: 623749 8732480 16841211 24949942 33058673 41167404 49276135 57384866 65493583 73602117 81708089 89778193 97346145 97883969 
Case #87: 194872 2143589 4092306 6041023 7989740 9938446 11887041 13834415 15768358 17554560 17715611 
Case #88: 2131056814 155567147357 309003237900 462439328443 615875418986 769311509529 922747600072 1076183690615 1229619781158 1383055871701 1536491962244 1689928052787 1843364143330 1996800233873 2150236324416 2303672414959 2457108505502 2610544596045 2763980686588 2917416777131 3070852867674 3224288958217 3377725048760 3531161139303 3684597229846 3838033320389 3991469410932 4144905501475 4298341592018 4451777682561 4605213773104 4758649863647 4912085954190 5065522044733 5218958135276 5372394225819 5525830316362 5679266406905 5832702497448 5986138587991 6139574678534 6293010769077 6446446859620 6599882950163 6753319040706 6906755131249 7060191221792 7213627312335 7367063402878 7520499493421 7673935583964 7827371674507 7980807765050 8134243855593 8287679946136 8441116036679 8594552127222 8747988217765 8901424308308 9054860398851 9208296489394 9361732579937 9515168670480 9668604761023 9822040851566 9975476942109 10128913032652 10282349123122 10435785208335 10589220909787 10742628596686 10893991221216 10896064292809 
Case #89: 1 
Case #90: 1324984810457 29149665830044 56974346849631 84799027869218 112623708888805 140448389908392 168273070927979 196097751947566 223922432967153 251747113986740 279571795006327 307396476025914 335221157045479 363045838064581 390870519073497 418695199858321 446519875713121 474344443107393 502166624370049 529936310737153 556551109402113 557758378619905 
Case #91: 6 16 19 
Case #92: 8389162068846 343955644822656 679522127576466 1015088610330276 1350655093084086 1686221575837896 2021788058591706 2357354541345516 2692921024099326 3028487506853136 3364053989606946 3699620472360756 4035186955114566 4370753437868376 4706319920622186 5041886403375996 5377452886129806 5713019368883616 6048585851637426 6384152334391236 6719718817145046 7055285299898856 7390851782652666 7726418265406476 8061984748160286 8397551230914096 8733117713667906 9068684196421716 9404250679175526 9739817161929336 10075383644683146 10410950127436956 10746516610190725 11082083092942853 11417649575627700 11753216055554026 12088782422380991 12424344152134155 12759715761861478 13087292450529320 13095277375758441 
Case #93: 2 103 204 305 406 507 608 709 810 911 1012 1113 1214 1315 1416 1517 1618 1719 1820 1921 2022 2123 2224 2325 2426 2527 2628 2729 2830 2931 3032 3133 3234 3335 3436 3537 3638 3739 3840 3941 4042 4143 4244 4345 4446 4547 4648 4749 4850 4951 5052 5153 5254 5355 5456 5557 5658 5759 5860 5961 6062 6163 6264 6365 6466 6567 6668 6769 6870 6971 7072 7173 7274 7375 7476 7577 7678 7779 7880 7981 8082 8183 8284 8385 8486 8587 8688 8789 8890 8991 9092 9193 9294 9395 9496 9597 9698 9799 9900 9901 
Case #94: 1171591994634 37490943828267 73810295661900 110129647495533 146448999329166 182768351162799 219087702996432 255407054830065 291726406663698 328045758497331 364365110330964 400684462164597 437003813998230 473323165831863 509642517665496 545961869499129 582281221332762 618600573166395 654919925000028 691239276833661 727558628667294 763877980500927 800197332334560 836516684168161 872836036000769 909155387801601 945474738585601 981794056830977 1018112333840385 1054397291298817 1089616023126017 1090715534753793 
Case #95: 1 
Case #96: 122254715 1711566006 3300877297 4890188588 6479499879 8068811170 9658122447 11247433541 12836742073 14426014737 16014785249 17596525633 19079844225 19185257729 
Case #97: 2604 130155 257706 385257 512808 640359 767910 895461 1023012 1150563 1278114 1405665 1533216 1660767 1788318 1915869 2043420 2170971 2298522 2426073 2553624 2681175 2808726 2936277 3063828 3191379 3318930 3446481 3574032 3701583 3829134 3956685 4084236 4211787 4339338 4466889 4594440 4721991 4849542 4977093 5104644 5232195 5359746 5487297 5614848 5742399 5869950 5997451 6122501 6125001 
Case #98: 343955644822656 14102181437728867 27860407230635078 41618633023541289 55376858816447500 69135084609353711 82893310402259922 96651536195166133 110409761988072344 124167987780978555 137926213573884766 151684439366790977 165442665159697188 179200890952603399 192959116745509610 206717342538415821 220475568331322032 234233794124228243 247992019917134454 261750245710040665 275508471502946876 289266697295853087 303024923088759298 316783148881665509 330541374674571720 344299600467477931 358057826260384142 371816052053290353 385574277846196564 399332503639102775 413090729432008986 426848955224915156 440607181017819685 454365406810656933 468123632600735660 481881858277715026 495640079317620591 509398110237500315 523148346236320558 536578990471702080 536906372406096041 
Case #99: 1235 12346 23457 34568 45679 56790 67891 78901 89001 90001 
Case #100: 101 9804 19507 29210 38913 48616 58319 68022 77725 87428 97131 106834 116537 126240 135943 145646 155349 165052 174755 184458 194161 203864 213567 223270 232973 242676 252379 262082 271785 281488 291191 300894 310597 320300 330003 339706 349409 359112 368815 378518 388221 397924 407627 417330 427033 436736 446439 456142 465845 475548 485251 494954 504657 514360 524063 533766 543469 553172 562875 572578 582281 591984 601687 611390 621093 630796 640499 650202 659905 669608 679311 689014 698717 708420 718123 727826 737529 747232 756935 766638 776341 786044 795747 805450 815153 824856 834559 844262 853965 863668 873371 883074 892777 902480 912183 921886 931491 931589 
